org_id remap_id
6 0
11 1
12 2
18 3
47 4
55 5
56 6
78 7
89 8
103 9
143 10
160 11
201 12
216 13
231 14
242 15
269 16
270 17
281 18
283 19
284 20
299 21
304 22
316 23
329 24
332 25
346 26
351 27
358 28
369 29
376 30
380 31
383 32
386 33
401 34
416 35
430 36
432 37
433 38
434 39
466 40
471 41
473 42
480 43
486 44
515 45
516 46
532 47
537 48
545 49
546 50
551 51
555 52
576 53
585 54
598 55
637 56
638 57
673 58
676 59
691 60
693 61
694 62
701 63
706 64
730 65
740 66
749 67
760 68
763 69
774 70
777 71
783 72
798 73
800 74
810 75
814 76
826 77
836 78
837 79
845 80
849 81
857 82
871 83
900 84
909 85
916 86
925 87
930 88
941 89
950 90
965 91
983 92
987 93
999 94
1007 95
1024 96
1029 97
1041 98
1043 99
1066 100
1068 101
1075 102
1085 103
1106 104
1138 105
1149 106
1158 107
1164 108
1174 109
1188 110
1204 111
1205 112
1219 113
1220 114
1226 115
1229 116
1232 117
1246 118
1249 119
1250 120
1271 121
1286 122
1291 123
1299 124
1304 125
1337 126
1344 127
1358 128
1363 129
1381 130
1399 131
1407 132
1408 133
1422 134
1429 135
1444 136
1450 137
1457 138
1471 139
1473 140
1477 141
1487 142
1490 143
1505 144
1513 145
1553 146
1556 147
1571 148
1586 149
1599 150
1619 151
1625 152
1632 153
1633 154
1634 155
1656 156
1662 157
1701 158
1709 159
1716 160
1727 161
1753 162
1757 163
1758 164
1762 165
1789 166
1792 167
1815 168
1844 169
1864 170
1872 171
1884 172
1885 173
1888 174
1892 175
1900 176
1904 177
1908 178
1909 179
1917 180
1931 181
1932 182
1947 183
1983 184
2019 185
2042 186
2043 187
2044 188
2049 189
2070 190
2072 191
2079 192
2085 193
2095 194
2103 195
2112 196
2117 197
2125 198
2134 199
2143 200
2149 201
2153 202
2168 203
2192 204
2196 205
2202 206
2203 207
2220 208
2230 209
2271 210
2273 211
2281 212
2284 213
2303 214
2315 215
2330 216
2339 217
2348 218
2350 219
2358 220
2363 221
2395 222
2402 223
2406 224
2416 225
2425 226
2427 227
2449 228
2450 229
2465 230
2473 231
2474 232
2479 233
2481 234
2482 235
2523 236
2558 237
2568 238
2572 239
2577 240
2587 241
2605 242
2613 243
2615 244
2617 245
2625 246
2626 247
2648 248
2650 249
2661 250
2663 251
2664 252
2667 253
2673 254
2678 255
2688 256
2695 257
2696 258
2698 259
2737 260
2741 261
2752 262
2764 263
2767 264
2769 265
2779 266
2786 267
2805 268
2825 269
2827 270
2836 271
2838 272
2846 273
2849 274
2868 275
2873 276
2877 277
2885 278
2894 279
2898 280
2941 281
2955 282
2956 283
2966 284
2981 285
2982 286
2987 287
3000 288
3001 289
3012 290
3023 291
3043 292
3047 293
3078 294
3083 295
3101 296
3115 297
3126 298
3127 299
3183 300
3190 301
3192 302
3205 303
3213 304
3216 305
3230 306
3231 307
3252 308
3262 309
3274 310
3299 311
3306 312
3310 313
3324 314
3332 315
3337 316
3362 317
3379 318
3382 319
3411 320
3413 321
3414 322
3415 323
3437 324
3442 325
3458 326
3463 327
3466 328
3477 329
3478 330
3481 331
3487 332
3525 333
3527 334
3540 335
3547 336
3548 337
3556 338
3560 339
3561 340
3564 341
3569 342
3574 343
3576 344
3583 345
3592 346
3606 347
3608 348
3617 349
3625 350
3639 351
3652 352
3664 353
3665 354
3671 355
3672 356
3673 357
3699 358
3709 359
3727 360
3765 361
3813 362
3820 363
3834 364
3850 365
3884 366
3909 367
3917 368
3924 369
3934 370
3935 371
3936 372
3939 373
3978 374
4025 375
4029 376
4063 377
4065 378
4088 379
4090 380
4119 381
4125 382
4128 383
4135 384
4143 385
4144 386
4150 387
4151 388
4152 389
4162 390
4166 391
4172 392
4180 393
4191 394
4199 395
4222 396
4240 397
4254 398
4283 399
4290 400
4292 401
4300 402
4329 403
4332 404
4334 405
4339 406
4341 407
4349 408
4364 409
4369 410
4372 411
4391 412
4408 413
4414 414
4427 415
4434 416
4444 417
4445 418
4453 419
4468 420
4471 421
4478 422
4486 423
4496 424
4511 425
4513 426
4548 427
4561 428
4574 429
4594 430
4612 431
4614 432
4616 433
4633 434
4634 435
4643 436
4644 437
4648 438
4668 439
4675 440
4678 441
4695 442
4701 443
4720 444
4726 445
4743 446
4757 447
4776 448
4778 449
4787 450
4793 451
4800 452
4818 453
4849 454
4880 455
4906 456
4936 457
4941 458
4962 459
4982 460
5006 461
5011 462
5014 463
5015 464
5024 465
5034 466
5035 467
5037 468
5042 469
5052 470
5059 471
5094 472
5101 473
5104 474
5107 475
5117 476
5126 477
5127 478
5138 479
5143 480
5147 481
5151 482
5166 483
5184 484
5189 485
5191 486
5203 487
5208 488
5240 489
5245 490
5247 491
5249 492
5254 493
5257 494
5272 495
5290 496
5305 497
5312 498
5358 499
5372 500
5389 501
5390 502
5396 503
5407 504
5409 505
5445 506
5455 507
5458 508
5478 509
5493 510
5500 511
5503 512
5525 513
5531 514
5548 515
5561 516
5566 517
5570 518
5575 519
5578 520
5590 521
5618 522
5619 523
5623 524
5641 525
5642 526
5643 527
5648 528
5661 529
5667 530
5669 531
5688 532
5691 533
5706 534
5721 535
5726 536
5735 537
5740 538
5743 539
5745 540
5747 541
5753 542
5768 543
5776 544
5796 545
5831 546
5836 547
5841 548
5845 549
5851 550
5864 551
5869 552
5871 553
5875 554
5903 555
5909 556
5910 557
5911 558
5912 559
5914 560
5918 561
5927 562
5933 563
5934 564
5941 565
5946 566
5949 567
5956 568
5969 569
5976 570
5990 571
6023 572
6025 573
6026 574
6060 575
6065 576
6068 577
6089 578
6091 579
6095 580
6103 581
6107 582
6132 583
6157 584
6179 585
6180 586
6192 587
6193 588
6208 589
6241 590
6244 591
6249 592
6262 593
6270 594
6280 595
6288 596
6298 597
6308 598
6311 599
6313 600
6324 601
6364 602
6374 603
6376 604
6379 605
6380 606
6385 607
6399 608
6402 609
6403 610
6404 611
6422 612
6426 613
6435 614
6439 615
6440 616
6467 617
6471 618
6486 619
6494 620
6527 621
6545 622
6551 623
6556 624
6557 625
6571 626
6579 627
6602 628
6612 629
6633 630
6666 631
6702 632
6709 633
6712 634
6716 635
6726 636
6728 637
6745 638
6750 639
6756 640
6764 641
6769 642
6786 643
6809 644
6810 645
6811 646
6822 647
6843 648
6892 649
6914 650
6942 651
6951 652
6955 653
6963 654
6967 655
6968 656
6977 657
6985 658
6991 659
6997 660
7000 661
7009 662
7011 663
7015 664
7033 665
7038 666
7053 667
7062 668
7065 669
7070 670
7080 671
7106 672
7115 673
7126 674
7132 675
7136 676
7163 677
7164 678
7167 679
7168 680
7189 681
7217 682
7229 683
7232 684
7239 685
7263 686
7264 687
7272 688
7281 689
7292 690
7310 691
7321 692
7334 693
7335 694
7341 695
7355 696
7360 697
7364 698
7372 699
7374 700
7384 701
7395 702
7398 703
7400 704
7401 705
7403 706
7416 707
7427 708
7430 709
7442 710
7460 711
7466 712
7468 713
7469 714
7472 715
7481 716
7482 717
7492 718
7501 719
7511 720
7518 721
7563 722
7583 723
7591 724
7601 725
7603 726
7606 727
7619 728
7632 729
7639 730
7646 731
7657 732
7659 733
7662 734
7663 735
7668 736
7690 737
7700 738
7701 739
7704 740
7710 741
7722 742
7728 743
7745 744
7746 745
7753 746
7754 747
7758 748
7766 749
7772 750
7779 751
7793 752
7804 753
7807 754
7813 755
7821 756
7822 757
7837 758
7841 759
7856 760
7862 761
7888 762
7899 763
7903 764
7906 765
7909 766
7913 767
7916 768
7943 769
7945 770
7961 771
7981 772
7992 773
7994 774
7996 775
7998 776
8004 777
8007 778
8013 779
8041 780
8045 781
8075 782
8076 783
8096 784
8101 785
8103 786
8112 787
8138 788
8194 789
8197 790
8214 791
8227 792
8246 793
8284 794
8288 795
8311 796
8316 797
8336 798
8348 799
8359 800
8374 801
8380 802
8381 803
8401 804
8402 805
8404 806
8413 807
8435 808
8460 809
8475 810
8500 811
8504 812
8513 813
8524 814
8525 815
8532 816
8533 817
8541 818
8544 819
8554 820
8562 821
8594 822
8595 823
8600 824
8603 825
8604 826
8620 827
8622 828
8635 829
8637 830
8645 831
8647 832
8652 833
8663 834
8664 835
8666 836
8686 837
8694 838
8697 839
8729 840
8740 841
8749 842
8774 843
8787 844
8800 845
8801 846
8812 847
8813 848
8817 849
8821 850
8823 851
8829 852
8838 853
8852 854
8854 855
8863 856
8867 857
8879 858
8896 859
8898 860
8907 861
8918 862
8932 863
8937 864
8939 865
8941 866
8945 867
8953 868
8973 869
8975 870
8992 871
8995 872
9000 873
9012 874
9048 875
9051 876
9055 877
9070 878
9081 879
9084 880
9104 881
9107 882
9110 883
9114 884
9137 885
9146 886
9171 887
9175 888
9199 889
9204 890
9211 891
9256 892
9263 893
9265 894
9277 895
9279 896
9292 897
9311 898
9321 899
9329 900
9335 901
9352 902
9377 903
9390 904
9395 905
9413 906
9418 907
9428 908
9436 909
9442 910
9455 911
9476 912
9492 913
9496 914
9498 915
9507 916
9512 917
9524 918
9527 919
9536 920
9539 921
9556 922
9558 923
9564 924
9574 925
9577 926
9581 927
9596 928
9615 929
9624 930
9639 931
9658 932
9678 933
9682 934
9695 935
9696 936
9700 937
9702 938
9710 939
9716 940
9721 941
9739 942
9740 943
9742 944
9755 945
9761 946
9762 947
9779 948
9781 949
9784 950
9785 951
9800 952
9801 953
9802 954
9827 955
9836 956
9846 957
9861 958
9863 959
9875 960
9904 961
9913 962
9935 963
9942 964
9958 965
9971 966
9987 967
9989 968
10009 969
10010 970
10039 971
10058 972
10073 973
10076 974
10077 975
10087 976
10094 977
10097 978
10101 979
10102 980
10110 981
10128 982
10139 983
10143 984
10145 985
10157 986
10159 987
10162 988
10176 989
10183 990
10205 991
10223 992
10227 993
10230 994
10243 995
10244 996
10275 997
10284 998
10289 999
10312 1000
10318 1001
10321 1002
10334 1003
10338 1004
10343 1005
10357 1006
10366 1007
10394 1008
10421 1009
10434 1010
10443 1011
10444 1012
10470 1013
10479 1014
10500 1015
10508 1016
10522 1017
10524 1018
10534 1019
10537 1020
10546 1021
10547 1022
10548 1023
10559 1024
10567 1025
10573 1026
10603 1027
10614 1028
10616 1029
10618 1030
10624 1031
10655 1032
10672 1033
10678 1034
10684 1035
10700 1036
10702 1037
10704 1038
10718 1039
10733 1040
10734 1041
10747 1042
10757 1043
10758 1044
10798 1045
10812 1046
10813 1047
10839 1048
10853 1049
10868 1050
10876 1051
10885 1052
10901 1053
10902 1054
10910 1055
10920 1056
10932 1057
10938 1058
10953 1059
10963 1060
10965 1061
10968 1062
10970 1063
10977 1064
10982 1065
10983 1066
10991 1067
11013 1068
11029 1069
11051 1070
11057 1071
11059 1072
11080 1073
11092 1074
11107 1075
11126 1076
11132 1077
11136 1078
11149 1079
11162 1080
11178 1081
11180 1082
11186 1083
11193 1084
11199 1085
11219 1086
11224 1087
11254 1088
11257 1089
11285 1090
11288 1091
11331 1092
11343 1093
11356 1094
11364 1095
11367 1096
11369 1097
11380 1098
11389 1099
11393 1100
11438 1101
11439 1102
11443 1103
11450 1104
11455 1105
11461 1106
11469 1107
11471 1108
11478 1109
11486 1110
11492 1111
11494 1112
11510 1113
11519 1114
11526 1115
11533 1116
11545 1117
11555 1118
11574 1119
11591 1120
11602 1121
11604 1122
11613 1123
11627 1124
11653 1125
11660 1126
11664 1127
11666 1128
11669 1129
11681 1130
11694 1131
11697 1132
11707 1133
11712 1134
11718 1135
11722 1136
11724 1137
11729 1138
11737 1139
11740 1140
11750 1141
11755 1142
11758 1143
11767 1144
11781 1145
11783 1146
11789 1147
11790 1148
11791 1149
11796 1150
11798 1151
11820 1152
11822 1153
11833 1154
11835 1155
11839 1156
11842 1157
11849 1158
11852 1159
11885 1160
11901 1161
11919 1162
11920 1163
11941 1164
11945 1165
11954 1166
11978 1167
11984 1168
12002 1169
12009 1170
12016 1171
12041 1172
12050 1173
12051 1174
12052 1175
12057 1176
12058 1177
12067 1178
12075 1179
12091 1180
12107 1181
12108 1182
12109 1183
12113 1184
12120 1185
12129 1186
12132 1187
12159 1188
12176 1189
12185 1190
12190 1191
12213 1192
12217 1193
12225 1194
12230 1195
12249 1196
12253 1197
12265 1198
12267 1199
12280 1200
12290 1201
12306 1202
12316 1203
12320 1204
12335 1205
12343 1206
12348 1207
12358 1208
12372 1209
12381 1210
12387 1211
12390 1212
12410 1213
12416 1214
12437 1215
12442 1216
12443 1217
12462 1218
12465 1219
12483 1220
12487 1221
12489 1222
12504 1223
12511 1224
12517 1225
12553 1226
12557 1227
12576 1228
12577 1229
12595 1230
12596 1231
12616 1232
12618 1233
12646 1234
12653 1235
12654 1236
12656 1237
12665 1238
12681 1239
12684 1240
12695 1241
12701 1242
12715 1243
12724 1244
12735 1245
12743 1246
12748 1247
12762 1248
12774 1249
12789 1250
12823 1251
12826 1252
12839 1253
12849 1254
12851 1255
12868 1256
12873 1257
12875 1258
12937 1259
12983 1260
12985 1261
12993 1262
13019 1263
13023 1264
13025 1265
13033 1266
13038 1267
13047 1268
13053 1269
13058 1270
13073 1271
13085 1272
13086 1273
13098 1274
13100 1275
13104 1276
13108 1277
13112 1278
13124 1279
13127 1280
13143 1281
13149 1282
13151 1283
13152 1284
13165 1285
13185 1286
13194 1287
13219 1288
13222 1289
13233 1290
13237 1291
13243 1292
13244 1293
13252 1294
13258 1295
13261 1296
13280 1297
13288 1298
13292 1299
13294 1300
13309 1301
13311 1302
13313 1303
13340 1304
13349 1305
13351 1306
13356 1307
13369 1308
13386 1309
13406 1310
13416 1311
13445 1312
13447 1313
13461 1314
13462 1315
13472 1316
13478 1317
13494 1318
13510 1319
13538 1320
13540 1321
13550 1322
13551 1323
13556 1324
13575 1325
13579 1326
13587 1327
13607 1328
13617 1329
13638 1330
13646 1331
13648 1332
13649 1333
13661 1334
13680 1335
13698 1336
13701 1337
13713 1338
13726 1339
13736 1340
13744 1341
13746 1342
13750 1343
13753 1344
13767 1345
13788 1346
13798 1347
13801 1348
13809 1349
13812 1350
13814 1351
13819 1352
13833 1353
13843 1354
13853 1355
13862 1356
13873 1357
13877 1358
13886 1359
13908 1360
13916 1361
13920 1362
13944 1363
13957 1364
13971 1365
13975 1366
13983 1367
14020 1368
14026 1369
14030 1370
14032 1371
14043 1372
14055 1373
14079 1374
14121 1375
14128 1376
14129 1377
14136 1378
14150 1379
14165 1380
14167 1381
14185 1382
14195 1383
14210 1384
14214 1385
14222 1386
14234 1387
14244 1388
14250 1389
14262 1390
14273 1391
14279 1392
14288 1393
14313 1394
14317 1395
14324 1396
14341 1397
14371 1398
14377 1399
14380 1400
14399 1401
14409 1402
14410 1403
14416 1404
14442 1405
14443 1406
14456 1407
14457 1408
14462 1409
14466 1410
14470 1411
14471 1412
14491 1413
14497 1414
14518 1415
14533 1416
14534 1417
14542 1418
14555 1419
14556 1420
14559 1421
14573 1422
14576 1423
14586 1424
14596 1425
14608 1426
14610 1427
14635 1428
14667 1429
14680 1430
14687 1431
14696 1432
14701 1433
14712 1434
14715 1435
14775 1436
14782 1437
14784 1438
14795 1439
14802 1440
14803 1441
14804 1442
14830 1443
14831 1444
14849 1445
14857 1446
14859 1447
14863 1448
14886 1449
14905 1450
14913 1451
14919 1452
14928 1453
14957 1454
14980 1455
14989 1456
15022 1457
15032 1458
15040 1459
15054 1460
15059 1461
15062 1462
15065 1463
15069 1464
15073 1465
15078 1466
15096 1467
15128 1468
15134 1469
15140 1470
15150 1471
15153 1472
15183 1473
15185 1474
15188 1475
15199 1476
15212 1477
15217 1478
15226 1479
15238 1480
15249 1481
15252 1482
15258 1483
15262 1484
15269 1485
15270 1486
15302 1487
15314 1488
15337 1489
15371 1490
15377 1491
15383 1492
15391 1493
15392 1494
15401 1495
15417 1496
15421 1497
15432 1498
15433 1499
15443 1500
15454 1501
15463 1502
15465 1503
15470 1504
15476 1505
15477 1506
15480 1507
15492 1508
15516 1509
15540 1510
15542 1511
15572 1512
15575 1513
15590 1514
15592 1515
15595 1516
15603 1517
15630 1518
15636 1519
15640 1520
15650 1521
15656 1522
15668 1523
15680 1524
15700 1525
15708 1526
15734 1527
15752 1528
15753 1529
15754 1530
15763 1531
15776 1532
15788 1533
15846 1534
15847 1535
15849 1536
15864 1537
15881 1538
15901 1539
15905 1540
15929 1541
15932 1542
15944 1543
15968 1544
15970 1545
15971 1546
15980 1547
16006 1548
16038 1549
16040 1550
16045 1551
16072 1552
16095 1553
16104 1554
16133 1555
16134 1556
16138 1557
16145 1558
16165 1559
16174 1560
16199 1561
16214 1562
16228 1563
16242 1564
16269 1565
16270 1566
16274 1567
16291 1568
16296 1569
16301 1570
16303 1571
16316 1572
16359 1573
16365 1574
16375 1575
16378 1576
16390 1577
16394 1578
16421 1579
16424 1580
16430 1581
16448 1582
16467 1583
16472 1584
16475 1585
16488 1586
16492 1587
16503 1588
16509 1589
16510 1590
16519 1591
16564 1592
16580 1593
16582 1594
16588 1595
16602 1596
16603 1597
16606 1598
16623 1599
16624 1600
16632 1601
16652 1602
16666 1603
16667 1604
16674 1605
16681 1606
16703 1607
16713 1608
16723 1609
16735 1610
16742 1611
16747 1612
16774 1613
16793 1614
16794 1615
16807 1616
16816 1617
16840 1618
16865 1619
16888 1620
16889 1621
16890 1622
16896 1623
16897 1624
16903 1625
16912 1626
16924 1627
16926 1628
16935 1629
16951 1630
16952 1631
16974 1632
16995 1633
17010 1634
17018 1635
17020 1636
17025 1637
17027 1638
17040 1639
17050 1640
17055 1641
17059 1642
17066 1643
17067 1644
17069 1645
17080 1646
17084 1647
17093 1648
17103 1649
17112 1650
17122 1651
17125 1652
17146 1653
17149 1654
17157 1655
17158 1656
17201 1657
17207 1658
17212 1659
17215 1660
17227 1661
17235 1662
17242 1663
17251 1664
17252 1665
17257 1666
17259 1667
17262 1668
17286 1669
17318 1670
17325 1671
17328 1672
17336 1673
17346 1674
17367 1675
17372 1676
17378 1677
17394 1678
17421 1679
17446 1680
17450 1681
17462 1682
17466 1683
17474 1684
17490 1685
17494 1686
17497 1687
17504 1688
17522 1689
17530 1690
17554 1691
17560 1692
17596 1693
17618 1694
17635 1695
17642 1696
17646 1697
17651 1698
17656 1699
17675 1700
17681 1701
17686 1702
17692 1703
17717 1704
17757 1705
17764 1706
17777 1707
17779 1708
17781 1709
17791 1710
17793 1711
17817 1712
17835 1713
17853 1714
17865 1715
17869 1716
17870 1717
17873 1718
17878 1719
17890 1720
17913 1721
17916 1722
17924 1723
17931 1724
17934 1725
17944 1726
17950 1727
17960 1728
17985 1729
17993 1730
18005 1731
18037 1732
18044 1733
18060 1734
18080 1735
18084 1736
18085 1737
18086 1738
18095 1739
18114 1740
18116 1741
18122 1742
18131 1743
18133 1744
18163 1745
18168 1746
18173 1747
18179 1748
18202 1749
18205 1750
18210 1751
18215 1752
18227 1753
18230 1754
18253 1755
18278 1756
18292 1757
18296 1758
18313 1759
18326 1760
18363 1761
18368 1762
18381 1763
18390 1764
18391 1765
18404 1766
18414 1767
18416 1768
18443 1769
18450 1770
18457 1771
18468 1772
18472 1773
18489 1774
18495 1775
18499 1776
18512 1777
18536 1778
18542 1779
18544 1780
18545 1781
18556 1782
18565 1783
18567 1784
18577 1785
18587 1786
18595 1787
18614 1788
18620 1789
18624 1790
18631 1791
18638 1792
18641 1793
18644 1794
18645 1795
18653 1796
18655 1797
18657 1798
18674 1799
18682 1800
18687 1801
18694 1802
18738 1803
18739 1804
18744 1805
18775 1806
18778 1807
18781 1808
18784 1809
18794 1810
18797 1811
18812 1812
18822 1813
18828 1814
18833 1815
18851 1816
18854 1817
18872 1818
18876 1819
18884 1820
18893 1821
18899 1822
18906 1823
18916 1824
18926 1825
18927 1826
18954 1827
18971 1828
18979 1829
18992 1830
18995 1831
18997 1832
19003 1833
19019 1834
19038 1835
19044 1836
19045 1837
19049 1838
19052 1839
19057 1840
19071 1841
19083 1842
19095 1843
19104 1844
19105 1845
19115 1846
19121 1847
19136 1848
19154 1849
19169 1850
19192 1851
19197 1852
19214 1853
19228 1854
19239 1855
19240 1856
19279 1857
19280 1858
19285 1859
19296 1860
19305 1861
19309 1862
19315 1863
19323 1864
19332 1865
19343 1866
19344 1867
19365 1868
19370 1869
19378 1870
19385 1871
19428 1872
19438 1873
19486 1874
19492 1875
19507 1876
19529 1877
19534 1878
19559 1879
19566 1880
19584 1881
19587 1882
19590 1883
19615 1884
19618 1885
19630 1886
19636 1887
19644 1888
19655 1889
19664 1890
19672 1891
19679 1892
19680 1893
19681 1894
19683 1895
19687 1896
19688 1897
19720 1898
19721 1899
19732 1900
19737 1901
19740 1902
19750 1903
19751 1904
19764 1905
19769 1906
19782 1907
19792 1908
19800 1909
19813 1910
19814 1911
19826 1912
19834 1913
19835 1914
19842 1915
19845 1916
19847 1917
19861 1918
19873 1919
19881 1920
19895 1921
19901 1922
19917 1923
19918 1924
19928 1925
19929 1926
19959 1927
19960 1928
19963 1929
19968 1930
19969 1931
19975 1932
19977 1933
19978 1934
19983 1935
19984 1936
19997 1937
20020 1938
20025 1939
20033 1940
20087 1941
20097 1942
20142 1943
20148 1944
20168 1945
20171 1946
20177 1947
20188 1948
20190 1949
20191 1950
20197 1951
20204 1952
20251 1953
20269 1954
20275 1955
20285 1956
20294 1957
20323 1958
20340 1959
20342 1960
20352 1961
20381 1962
20407 1963
20420 1964
20448 1965
20454 1966
20455 1967
20457 1968
20473 1969
20477 1970
20478 1971
20479 1972
20480 1973
20491 1974
20507 1975
20514 1976
20527 1977
20531 1978
20536 1979
20540 1980
20545 1981
20561 1982
20570 1983
20573 1984
20575 1985
20594 1986
20597 1987
20612 1988
20615 1989
20638 1990
20654 1991
20672 1992
20674 1993
20677 1994
20680 1995
20687 1996
20689 1997
20692 1998
20700 1999
20703 2000
20714 2001
20724 2002
20732 2003
20736 2004
20742 2005
20744 2006
20749 2007
20751 2008
20758 2009
20767 2010
20772 2011
20787 2012
20796 2013
20808 2014
20815 2015
20825 2016
20827 2017
20832 2018
20849 2019
20873 2020
20884 2021
20886 2022
20916 2023
20927 2024
20933 2025
20951 2026
20986 2027
20993 2028
21002 2029
21004 2030
21014 2031
21018 2032
21020 2033
21030 2034
21033 2035
21076 2036
21093 2037
21105 2038
21128 2039
21131 2040
21142 2041
21143 2042
21144 2043
21157 2044
21173 2045
21180 2046
21185 2047
21195 2048
21196 2049
21198 2050
21199 2051
21204 2052
21213 2053
21229 2054
21239 2055
21250 2056
21268 2057
21277 2058
21280 2059
21284 2060
21293 2061
21294 2062
21306 2063
21313 2064
21324 2065
21328 2066
21345 2067
21357 2068
21363 2069
21373 2070
21374 2071
21385 2072
21389 2073
21416 2074
21420 2075
21428 2076
21450 2077
21453 2078
21458 2079
21469 2080
21504 2081
21519 2082
21539 2083
21576 2084
21581 2085
21590 2086
21616 2087
21642 2088
21644 2089
21649 2090
21661 2091
21664 2092
21683 2093
21686 2094
21697 2095
21700 2096
21711 2097
21727 2098
21730 2099
21740 2100
21750 2101
21751 2102
21757 2103
21780 2104
21801 2105
21806 2106
21815 2107
21818 2108
21843 2109
21853 2110
21861 2111
21876 2112
21880 2113
21909 2114
21915 2115
21933 2116
21950 2117
21953 2118
21962 2119
21968 2120
21982 2121
21988 2122
22001 2123
22013 2124
22018 2125
22032 2126
22076 2127
22109 2128
22112 2129
22113 2130
22120 2131
22125 2132
22133 2133
22134 2134
22147 2135
22148 2136
22171 2137
22179 2138
22180 2139
22193 2140
22197 2141
22200 2142
22227 2143
22229 2144
22236 2145
22253 2146
22261 2147
22281 2148
22287 2149
22290 2150
22303 2151
22330 2152
22339 2153
22365 2154
22370 2155
22372 2156
22397 2157
22400 2158
22408 2159
22413 2160
22417 2161
22427 2162
22458 2163
22466 2164
22469 2165
22470 2166
22486 2167
22497 2168
22515 2169
22517 2170
22520 2171
22535 2172
22537 2173
22554 2174
22562 2175
22568 2176
22579 2177
22605 2178
22613 2179
22615 2180
22620 2181
22625 2182
22630 2183
22660 2184
22676 2185
22722 2186
22726 2187
22727 2188
22753 2189
22760 2190
22762 2191
22773 2192
22785 2193
22796 2194
22797 2195
22802 2196
22813 2197
22821 2198
22827 2199
22847 2200
22864 2201
22874 2202
22899 2203
22912 2204
22915 2205
22920 2206
22959 2207
22972 2208
23010 2209
23021 2210
23027 2211
23033 2212
23037 2213
23039 2214
23045 2215
23060 2216
23063 2217
23082 2218
23085 2219
23090 2220
23116 2221
23119 2222
23128 2223
23129 2224
23141 2225
23143 2226
23170 2227
23174 2228
23189 2229
23191 2230
23220 2231
23254 2232
23273 2233
23275 2234
23286 2235
23291 2236
23296 2237
23300 2238
23307 2239
23309 2240
23330 2241
23333 2242
23338 2243
23365 2244
23386 2245
23400 2246
23406 2247
23421 2248
23422 2249
23423 2250
23443 2251
23460 2252
23468 2253
23473 2254
23489 2255
23501 2256
23507 2257
23511 2258
23514 2259
23515 2260
23523 2261
23531 2262
23544 2263
23545 2264
23560 2265
23576 2266
23594 2267
23606 2268
23608 2269
23610 2270
23612 2271
23614 2272
23621 2273
23632 2274
23641 2275
23646 2276
23654 2277
23657 2278
23663 2279
23670 2280
23675 2281
23698 2282
23709 2283
23718 2284
23739 2285
23742 2286
23759 2287
23762 2288
23781 2289
23786 2290
23790 2291
23801 2292
23809 2293
23812 2294
23813 2295
23819 2296
23820 2297
23837 2298
23847 2299
23855 2300
23861 2301
23868 2302
23874 2303
23888 2304
23926 2305
23939 2306
23941 2307
23944 2308
23959 2309
23960 2310
23963 2311
23972 2312
23975 2313
23982 2314
24010 2315
24014 2316
24015 2317
24017 2318
24050 2319
24058 2320
24060 2321
24081 2322
24082 2323
24092 2324
24101 2325
24113 2326
24127 2327
24133 2328
24155 2329
24156 2330
24188 2331
24198 2332
24212 2333
24225 2334
24227 2335
24234 2336
24244 2337
24263 2338
24274 2339
24276 2340
24304 2341
24308 2342
24327 2343
24340 2344
24353 2345
24362 2346
24373 2347
24400 2348
24433 2349
24434 2350
24440 2351
24446 2352
24454 2353
24459 2354
24477 2355
24482 2356
24488 2357
24499 2358
24504 2359
24508 2360
24525 2361
24557 2362
24574 2363
24578 2364
24581 2365
24592 2366
24611 2367
24627 2368
24639 2369
24651 2370
24664 2371
24682 2372
24685 2373
24713 2374
24721 2375
24729 2376
24756 2377
24758 2378
24760 2379
24787 2380
24797 2381
24807 2382
24815 2383
24818 2384
24833 2385
24835 2386
24841 2387
24867 2388
24879 2389
24891 2390
24929 2391
24942 2392
24944 2393
24950 2394
24961 2395
24962 2396
24966 2397
24974 2398
24985 2399
24994 2400
24995 2401
24997 2402
25006 2403
25007 2404
25008 2405
25020 2406
25036 2407
25040 2408
25049 2409
25067 2410
25077 2411
25079 2412
25087 2413
25088 2414
25098 2415
25112 2416
25133 2417
25140 2418
25142 2419
25154 2420
25172 2421
25177 2422
25188 2423
25194 2424
25205 2425
25210 2426
25212 2427
25213 2428
25218 2429
25219 2430
25224 2431
25254 2432
25262 2433
25289 2434
25305 2435
25332 2436
25374 2437
25385 2438
25389 2439
25390 2440
25393 2441
25395 2442
25399 2443
25401 2444
25431 2445
25434 2446
25435 2447
25459 2448
25461 2449
25467 2450
25468 2451
25471 2452
25479 2453
25487 2454
25499 2455
25501 2456
25502 2457
25527 2458
25531 2459
25541 2460
25549 2461
25556 2462
25558 2463
25564 2464
25566 2465
25579 2466
25584 2467
25591 2468
25604 2469
25625 2470
25635 2471
25647 2472
25650 2473
25673 2474
25685 2475
25696 2476
25718 2477
25723 2478
25732 2479
25746 2480
25748 2481
25749 2482
25753 2483
25755 2484
25761 2485
25782 2486
25789 2487
25803 2488
25827 2489
25832 2490
25833 2491
25839 2492
25843 2493
25849 2494
25867 2495
25871 2496
25875 2497
25883 2498
25887 2499
25895 2500
25897 2501
25908 2502
25917 2503
25927 2504
25940 2505
25956 2506
25977 2507
26004 2508
26011 2509
26019 2510
26021 2511
26024 2512
26048 2513
26055 2514
26075 2515
26076 2516
26086 2517
26092 2518
26110 2519
26118 2520
26133 2521
26140 2522
26144 2523
26145 2524
26162 2525
26178 2526
26194 2527
26202 2528
26230 2529
26252 2530
26254 2531
26255 2532
26256 2533
26257 2534
26258 2535
26268 2536
26283 2537
26317 2538
26322 2539
26347 2540
26348 2541
26366 2542
26372 2543
26430 2544
26439 2545
26440 2546
26471 2547
26474 2548
26490 2549
26496 2550
26506 2551
26514 2552
26528 2553
26534 2554
26549 2555
26551 2556
26566 2557
26572 2558
26576 2559
26588 2560
26595 2561
26598 2562
26599 2563
26610 2564
26627 2565
26649 2566
26674 2567
26682 2568
26692 2569
26712 2570
26715 2571
26764 2572
26774 2573
26778 2574
26782 2575
26795 2576
26819 2577
26835 2578
26857 2579
26880 2580
26887 2581
26891 2582
26921 2583
26925 2584
26929 2585
26952 2586
26954 2587
26981 2588
26984 2589
26986 2590
26997 2591
27001 2592
27003 2593
27015 2594
27024 2595
27029 2596
27030 2597
27040 2598
27044 2599
27050 2600
27061 2601
27063 2602
27064 2603
27068 2604
27070 2605
27082 2606
27096 2607
27104 2608
27105 2609
27117 2610
27124 2611
27129 2612
27132 2613
27135 2614
27145 2615
27153 2616
27163 2617
27165 2618
27166 2619
27173 2620
27174 2621
27208 2622
27210 2623
27238 2624
27243 2625
27254 2626
27259 2627
27260 2628
27262 2629
27278 2630
27280 2631
27291 2632
27298 2633
27299 2634
27301 2635
27320 2636
27326 2637
27338 2638
27339 2639
27344 2640
27351 2641
27352 2642
27360 2643
27380 2644
27409 2645
27416 2646
27438 2647
27446 2648
27464 2649
27466 2650
27494 2651
27498 2652
27512 2653
27534 2654
27542 2655
27570 2656
27583 2657
27592 2658
27602 2659
27625 2660
27645 2661
27649 2662
27657 2663
27658 2664
27672 2665
27681 2666
27682 2667
27687 2668
27688 2669
27692 2670
27714 2671
27718 2672
27727 2673
27734 2674
27741 2675
27758 2676
27759 2677
27773 2678
27777 2679
27784 2680
27794 2681
27796 2682
27801 2683
27834 2684
27838 2685
27841 2686
27848 2687
27885 2688
27899 2689
27912 2690
27920 2691
27924 2692
27933 2693
27949 2694
27983 2695
27988 2696
27989 2697
27991 2698
28006 2699
28021 2700
28026 2701
28032 2702
28047 2703
28057 2704
28060 2705
28070 2706
28083 2707
28109 2708
28113 2709
28185 2710
28187 2711
28208 2712
28210 2713
28220 2714
28222 2715
28226 2716
28256 2717
28263 2718
28267 2719
28279 2720
28293 2721
28298 2722
28308 2723
28326 2724
28336 2725
28365 2726
28368 2727
28372 2728
28373 2729
28379 2730
28425 2731
28430 2732
28450 2733
28454 2734
28459 2735
28463 2736
28475 2737
28487 2738
28491 2739
28507 2740
28519 2741
28521 2742
28524 2743
28532 2744
28533 2745
28534 2746
28559 2747
28560 2748
28565 2749
28574 2750
28578 2751
28579 2752
28582 2753
28583 2754
28589 2755
28602 2756
28622 2757
28647 2758
28663 2759
28673 2760
28684 2761
28704 2762
28709 2763
28713 2764
28733 2765
28749 2766
28752 2767
28761 2768
28769 2769
28789 2770
28802 2771
28807 2772
28814 2773
28830 2774
28836 2775
28848 2776
28867 2777
28874 2778
28881 2779
28895 2780
28909 2781
28936 2782
28940 2783
28958 2784
28959 2785
28963 2786
28974 2787
28981 2788
28994 2789
29000 2790
29004 2791
29018 2792
29030 2793
29033 2794
29034 2795
29037 2796
29043 2797
29059 2798
29075 2799
29084 2800
29089 2801
29096 2802
29111 2803
29113 2804
29152 2805
29154 2806
29157 2807
29178 2808
29181 2809
29187 2810
29193 2811
29194 2812
29201 2813
29202 2814
29204 2815
29208 2816
29219 2817
29222 2818
29226 2819
29228 2820
29244 2821
29246 2822
29269 2823
29272 2824
29291 2825
29300 2826
29306 2827
29328 2828
29367 2829
29382 2830
29389 2831
29414 2832
29437 2833
29439 2834
29446 2835
29451 2836
29452 2837
29460 2838
29482 2839
29488 2840
29495 2841
29496 2842
29499 2843
29511 2844
29519 2845
29525 2846
29534 2847
29539 2848
29550 2849
29556 2850
29565 2851
29589 2852
29597 2853
29603 2854
29617 2855
29621 2856
29649 2857
29650 2858
29652 2859
29658 2860
29662 2861
29673 2862
29678 2863
29687 2864
29695 2865
29698 2866
29703 2867
29705 2868
29707 2869
29717 2870
29719 2871
29733 2872
29735 2873
29737 2874
29756 2875
29757 2876
29759 2877
29780 2878
29784 2879
29795 2880
29796 2881
29799 2882
29804 2883
29809 2884
29819 2885
29842 2886
29858 2887
29880 2888
29887 2889
29897 2890
29899 2891
29921 2892
29944 2893
29947 2894
29953 2895
29963 2896
29976 2897
29986 2898
29999 2899
30000 2900
30008 2901
30015 2902
30016 2903
30019 2904
30027 2905
30040 2906
30054 2907
30058 2908
30063 2909
30072 2910
30088 2911
30096 2912
30100 2913
30106 2914
30123 2915
30125 2916
30152 2917
30158 2918
30162 2919
30171 2920
30179 2921
30188 2922
30194 2923
30202 2924
30207 2925
30211 2926
30215 2927
30220 2928
30228 2929
30230 2930
30235 2931
30286 2932
30306 2933
30309 2934
30310 2935
30328 2936
30334 2937
30336 2938
30338 2939
30372 2940
30373 2941
30378 2942
30382 2943
30389 2944
30393 2945
30394 2946
30410 2947
30420 2948
30423 2949
30429 2950
30452 2951
30455 2952
30467 2953
30471 2954
30472 2955
30498 2956
30501 2957
30510 2958
30520 2959
30534 2960
30542 2961
30562 2962
30598 2963
30603 2964
30615 2965
30618 2966
30625 2967
30675 2968
30677 2969
30686 2970
30689 2971
30697 2972
30702 2973
30721 2974
30728 2975
30729 2976
30742 2977
30750 2978
30752 2979
30753 2980
30756 2981
30781 2982
30783 2983
30791 2984
30812 2985
30813 2986
30819 2987
30838 2988
30845 2989
30851 2990
30856 2991
30864 2992
30867 2993
30874 2994
30880 2995
30882 2996
30891 2997
30895 2998
30900 2999
30912 3000
30940 3001
30955 3002
30963 3003
30969 3004
30988 3005
30998 3006
31008 3007
31010 3008
31011 3009
31021 3010
31031 3011
31055 3012
31058 3013
31059 3014
31064 3015
31092 3016
31097 3017
31103 3018
31105 3019
31111 3020
31121 3021
31122 3022
31145 3023
31148 3024
31152 3025
31174 3026
31177 3027
31184 3028
31186 3029
31187 3030
31190 3031
31196 3032
31198 3033
31206 3034
31211 3035
31213 3036
31224 3037
31231 3038
31232 3039
31235 3040
31266 3041
31269 3042
31270 3043
31301 3044
31336 3045
31348 3046
31351 3047
31359 3048
31369 3049
31380 3050
31391 3051
31394 3052
31399 3053
31410 3054
31426 3055
31444 3056
31448 3057
31455 3058
31482 3059
31490 3060
31518 3061
31531 3062
31538 3063
31556 3064
31557 3065
31558 3066
31566 3067
31567 3068
31584 3069
31587 3070
31593 3071
31596 3072
31597 3073
31605 3074
31608 3075
31613 3076
31620 3077
31624 3078
31632 3079
31647 3080
31650 3081
31656 3082
31660 3083
31672 3084
31685 3085
31687 3086
31696 3087
31698 3088
31704 3089
31736 3090
31737 3091
31747 3092
31755 3093
31763 3094
31770 3095
31779 3096
31780 3097
31789 3098
31799 3099
31805 3100
31810 3101
31811 3102
31841 3103
31842 3104
31858 3105
31861 3106
31866 3107
31875 3108
31884 3109
31892 3110
31897 3111
31898 3112
31904 3113
31907 3114
31914 3115
31915 3116
31929 3117
31946 3118
31949 3119
31950 3120
31959 3121
31972 3122
31973 3123
31976 3124
31990 3125
32000 3126
32006 3127
32041 3128
32062 3129
32063 3130
32070 3131
32088 3132
32107 3133
32109 3134
32119 3135
32130 3136
32137 3137
32144 3138
32149 3139
32152 3140
32158 3141
32166 3142
32169 3143
32197 3144
32205 3145
32208 3146
32210 3147
32221 3148
32224 3149
32226 3150
32237 3151
32240 3152
32244 3153
32248 3154
32256 3155
32257 3156
32267 3157
32272 3158
32277 3159
32288 3160
32299 3161
32309 3162
32313 3163
32340 3164
32348 3165
32356 3166
32357 3167
32382 3168
32385 3169
32386 3170
32395 3171
32399 3172
32421 3173
32427 3174
32435 3175
32460 3176
32462 3177
32487 3178
32494 3179
32496 3180
32503 3181
32528 3182
32532 3183
32536 3184
32554 3185
32569 3186
32575 3187
32581 3188
32590 3189
32596 3190
32606 3191
32608 3192
32613 3193
32618 3194
32620 3195
32631 3196
32645 3197
32646 3198
32648 3199
32663 3200
32667 3201
32680 3202
32688 3203
32692 3204
32703 3205
32710 3206
32716 3207
32717 3208
32730 3209
32742 3210
32748 3211
32761 3212
32763 3213
32772 3214
32785 3215
32810 3216
32811 3217
32812 3218
32842 3219
32851 3220
32864 3221
32882 3222
32888 3223
32889 3224
32911 3225
32921 3226
32926 3227
32931 3228
32950 3229
32954 3230
32976 3231
32987 3232
32990 3233
32994 3234
32996 3235
33002 3236
33014 3237
33024 3238
33038 3239
33043 3240
33044 3241
33045 3242
33054 3243
33066 3244
33073 3245
33076 3246
33078 3247
33083 3248
33090 3249
33105 3250
33133 3251
33135 3252
33159 3253
33161 3254
33177 3255
33184 3256
33207 3257
33223 3258
33239 3259
33254 3260
33263 3261
33269 3262
33289 3263
33315 3264
33328 3265
33341 3266
33386 3267
33451 3268
33452 3269
33453 3270
33460 3271
33467 3272
33477 3273
33484 3274
33498 3275
33507 3276
33517 3277
33526 3278
33533 3279
33541 3280
33574 3281
33589 3282
33591 3283
33597 3284
33598 3285
33639 3286
33643 3287
33644 3288
33648 3289
33652 3290
33676 3291
33677 3292
33679 3293
33690 3294
33695 3295
33702 3296
33706 3297
33721 3298
33734 3299
33736 3300
33745 3301
33776 3302
33777 3303
33805 3304
33825 3305
33827 3306
33832 3307
33841 3308
33850 3309
33857 3310
33859 3311
33861 3312
33874 3313
33879 3314
33881 3315
33883 3316
33923 3317
33931 3318
33941 3319
33958 3320
33959 3321
33962 3322
33994 3323
34020 3324
34045 3325
34054 3326
34060 3327
34061 3328
34064 3329
34076 3330
34117 3331
34119 3332
34122 3333
34124 3334
34126 3335
34140 3336
34141 3337
34145 3338
34150 3339
34154 3340
34169 3341
34195 3342
34208 3343
34209 3344
34213 3345
34228 3346
34233 3347
34246 3348
34254 3349
34257 3350
34258 3351
34282 3352
34283 3353
34284 3354
34289 3355
34293 3356
34297 3357
34299 3358
34306 3359
34317 3360
34329 3361
34340 3362
34346 3363
34358 3364
34366 3365
34384 3366
34386 3367
34395 3368
34413 3369
34422 3370
34424 3371
34427 3372
34433 3373
34450 3374
34455 3375
34461 3376
34462 3377
34473 3378
34485 3379
34499 3380
34501 3381
34517 3382
34521 3383
34525 3384
34541 3385
34556 3386
34563 3387
34624 3388
34658 3389
34666 3390
34670 3391
34696 3392
34709 3393
34723 3394
34745 3395
34748 3396
34751 3397
34758 3398
34762 3399
34764 3400
34767 3401
34795 3402
34804 3403
34808 3404
34809 3405
34817 3406
34819 3407
34828 3408
34837 3409
34843 3410
34859 3411
34862 3412
34872 3413
34884 3414
34900 3415
34913 3416
34915 3417
34922 3418
34929 3419
34945 3420
34962 3421
34963 3422
34973 3423
34983 3424
34990 3425
34993 3426
34996 3427
35015 3428
35021 3429
35024 3430
35038 3431
35051 3432
35056 3433
35060 3434
35064 3435
35069 3436
35082 3437
35083 3438
35105 3439
35117 3440
35120 3441
35135 3442
35138 3443
35151 3444
35165 3445
35191 3446
35196 3447
35202 3448
35203 3449
35217 3450
35243 3451
35250 3452
35253 3453
35257 3454
35259 3455
35286 3456
35288 3457
35297 3458
35299 3459
35322 3460
35337 3461
35343 3462
35350 3463
35366 3464
35368 3465
35369 3466
35372 3467
35381 3468
35385 3469
35387 3470
35398 3471
35405 3472
35425 3473
35426 3474
35428 3475
35431 3476
35440 3477
35467 3478
35479 3479
35484 3480
35487 3481
35495 3482
35536 3483
35550 3484
35553 3485
35556 3486
35569 3487
35592 3488
35599 3489
35617 3490
35619 3491
35627 3492
35633 3493
35634 3494
35675 3495
35687 3496
35725 3497
35759 3498
35765 3499
35766 3500
35776 3501
35793 3502
35794 3503
35810 3504
35811 3505
35823 3506
35824 3507
35859 3508
35871 3509
35883 3510
35886 3511
35889 3512
35894 3513
35896 3514
35902 3515
35911 3516
35924 3517
35928 3518
35943 3519
35945 3520
35950 3521
35951 3522
35967 3523
35970 3524
35972 3525
35986 3526
36004 3527
36018 3528
36019 3529
36023 3530
36043 3531
36045 3532
36051 3533
36056 3534
36061 3535
36068 3536
36076 3537
36078 3538
36083 3539
36092 3540
36108 3541
36110 3542
36118 3543
36141 3544
36150 3545
36155 3546
36180 3547
36183 3548
36185 3549
36224 3550
36226 3551
36257 3552
36259 3553
36269 3554
36276 3555
36280 3556
36285 3557
36293 3558
36299 3559
36302 3560
36327 3561
36339 3562
36342 3563
36344 3564
36367 3565
36369 3566
36378 3567
36379 3568
36385 3569
36395 3570
36401 3571
36417 3572
36426 3573
36448 3574
36460 3575
36478 3576
36482 3577
36493 3578
36504 3579
36513 3580
36526 3581
36536 3582
36540 3583
36541 3584
36550 3585
36551 3586
36571 3587
36575 3588
36579 3589
36592 3590
36593 3591
36597 3592
36602 3593
36604 3594
36611 3595
36613 3596
36621 3597
36637 3598
36641 3599
36643 3600
36654 3601
36655 3602
36672 3603
36676 3604
36689 3605
36703 3606
36711 3607
36724 3608
36728 3609
36737 3610
36746 3611
36750 3612
36757 3613
36768 3614
36777 3615
36784 3616
36788 3617
36824 3618
36831 3619
36841 3620
36843 3621
36848 3622
36850 3623
36854 3624
36864 3625
36873 3626
36901 3627
36907 3628
36908 3629
36913 3630
36937 3631
36944 3632
36962 3633
37007 3634
37018 3635
37023 3636
37025 3637
37029 3638
37044 3639
37061 3640
37065 3641
37066 3642
37082 3643
37098 3644
37102 3645
37117 3646
37122 3647
37140 3648
37150 3649
37162 3650
37173 3651
37175 3652
37176 3653
37179 3654
37211 3655
37214 3656
37219 3657
37228 3658
37235 3659
37256 3660
37260 3661
37269 3662
37281 3663
37285 3664
37295 3665
37301 3666
37319 3667
37358 3668
37367 3669
37371 3670
37374 3671
37379 3672
37381 3673
37382 3674
37388 3675
37398 3676
37400 3677
37408 3678
37420 3679
37422 3680
37443 3681
37444 3682
37446 3683
37448 3684
37450 3685
37462 3686
37463 3687
37483 3688
37501 3689
37505 3690
37506 3691
37522 3692
37531 3693
37534 3694
37543 3695
37546 3696
37555 3697
37585 3698
37587 3699
37599 3700
37600 3701
37616 3702
37624 3703
37631 3704
37652 3705
37653 3706
37660 3707
37663 3708
37677 3709
37678 3710
37681 3711
37693 3712
37699 3713
37700 3714
37701 3715
37737 3716
37742 3717
37747 3718
37750 3719
37757 3720
37764 3721
37768 3722
37772 3723
37776 3724
37786 3725
37792 3726
37793 3727
37805 3728
37841 3729
37851 3730
37857 3731
37864 3732
37876 3733
37879 3734
37886 3735
37888 3736
37889 3737
37890 3738
37893 3739
37917 3740
37922 3741
37924 3742
37926 3743
37939 3744
37944 3745
37969 3746
37976 3747
37987 3748
37995 3749
37996 3750
38014 3751
38019 3752
38029 3753
38039 3754
38043 3755
38050 3756
38062 3757
38077 3758
38079 3759
38081 3760
38082 3761
38120 3762
38135 3763
38137 3764
38142 3765
38153 3766
38185 3767
38190 3768
38195 3769
38202 3770
38204 3771
38208 3772
38236 3773
38244 3774
38251 3775
38271 3776
38273 3777
38285 3778
38295 3779
38319 3780
38345 3781
38347 3782
38353 3783
38354 3784
38363 3785
38368 3786
38376 3787
38379 3788
38383 3789
38410 3790
38459 3791
38465 3792
38482 3793
38484 3794
38510 3795
38513 3796
38515 3797
38535 3798
38561 3799
38583 3800
38589 3801
38592 3802
38604 3803
38622 3804
38626 3805
38633 3806
38641 3807
38669 3808
38677 3809
38686 3810
38687 3811
38689 3812
38697 3813
38702 3814
38703 3815
38706 3816
38711 3817
38719 3818
38721 3819
38730 3820
38735 3821
38770 3822
38783 3823
38789 3824
38809 3825
38821 3826
38833 3827
38844 3828
38847 3829
38860 3830
38865 3831
38869 3832
38875 3833
38887 3834
38906 3835
38911 3836
38916 3837
38921 3838
38930 3839
38938 3840
38942 3841
38948 3842
38992 3843
38993 3844
39003 3845
39007 3846
39010 3847
39030 3848
39044 3849
39049 3850
39065 3851
39068 3852
39074 3853
39078 3854
39084 3855
39087 3856
39095 3857
39103 3858
39118 3859
39126 3860
39132 3861
39138 3862
39156 3863
39164 3864
39167 3865
39168 3866
39187 3867
39206 3868
39208 3869
39210 3870
39236 3871
39241 3872
39249 3873
39280 3874
39282 3875
39290 3876
39310 3877
39317 3878
39319 3879
39328 3880
39329 3881
39338 3882
39344 3883
39348 3884
39358 3885
39377 3886
39402 3887
39403 3888
39427 3889
39440 3890
39446 3891
39455 3892
39460 3893
39461 3894
39472 3895
39473 3896
39488 3897
39530 3898
39537 3899
39544 3900
39550 3901
39552 3902
39560 3903
39573 3904
39588 3905
39598 3906
39612 3907
39613 3908
39622 3909
39623 3910
39629 3911
39631 3912
39635 3913
39655 3914
39674 3915
39675 3916
39683 3917
39688 3918
39689 3919
39695 3920
39699 3921
39703 3922
39712 3923
39726 3924
39739 3925
39740 3926
39750 3927
39752 3928
39756 3929
39842 3930
39845 3931
39856 3932
39873 3933
39902 3934
39912 3935
39914 3936
39939 3937
39940 3938
39982 3939
39997 3940
40009 3941
40013 3942
40033 3943
40049 3944
40058 3945
40066 3946
40075 3947
40076 3948
40078 3949
40101 3950
40107 3951
40109 3952
40112 3953
40113 3954
40129 3955
40132 3956
40137 3957
40138 3958
40141 3959
40160 3960
40168 3961
40170 3962
40171 3963
40177 3964
40180 3965
40183 3966
40188 3967
40191 3968
40202 3969
40218 3970
40220 3971
40228 3972
40231 3973
40237 3974
40241 3975
40242 3976
40259 3977
40267 3978
40289 3979
40294 3980
40318 3981
40325 3982
40343 3983
40345 3984
40346 3985
40357 3986
40370 3987
40378 3988
40385 3989
40391 3990
40393 3991
40419 3992
40424 3993
40429 3994
40432 3995
40433 3996
40440 3997
40470 3998
40473 3999
40481 4000
40484 4001
40499 4002
40502 4003
40508 4004
40517 4005
40520 4006
40525 4007
40526 4008
40534 4009
40541 4010
40543 4011
40544 4012
40562 4013
40572 4014
40576 4015
40593 4016
40601 4017
40610 4018
40615 4019
40617 4020
40646 4021
40663 4022
40670 4023
40677 4024
40690 4025
40695 4026
40699 4027
40707 4028
40754 4029
40762 4030
40788 4031
40801 4032
40810 4033
40813 4034
40826 4035
40832 4036
40841 4037
40843 4038
40845 4039
40846 4040
40883 4041
40893 4042
40906 4043
40916 4044
40932 4045
40958 4046
40969 4047
40971 4048
40975 4049
40976 4050
40982 4051
40985 4052
40991 4053
40995 4054
41012 4055
41030 4056
41056 4057
41058 4058
41060 4059
41067 4060
41076 4061
41079 4062
41087 4063
41104 4064
41105 4065
41110 4066
41112 4067
41147 4068
41157 4069
41159 4070
41177 4071
41180 4072
41181 4073
41199 4074
41221 4075
41233 4076
41242 4077
41253 4078
41256 4079
41258 4080
41259 4081
41279 4082
41298 4083
41302 4084
41315 4085
41329 4086
41331 4087
41332 4088
41333 4089
41357 4090
41372 4091
41377 4092
41395 4093
41400 4094
41410 4095
41421 4096
41432 4097
41437 4098
41457 4099
41463 4100
41471 4101
41479 4102
41501 4103
41511 4104
41522 4105
41528 4106
41530 4107
41536 4108
41543 4109
41546 4110
41553 4111
41555 4112
41646 4113
41673 4114
41674 4115
41691 4116
41699 4117
41719 4118
41725 4119
41738 4120
41740 4121
41741 4122
41776 4123
41781 4124
41783 4125
41786 4126
41789 4127
41809 4128
41813 4129
41815 4130
41819 4131
41848 4132
41854 4133
41865 4134
41866 4135
41869 4136
41874 4137
41875 4138
41876 4139
41914 4140
41931 4141
41933 4142
41964 4143
41967 4144
41981 4145
41983 4146
41985 4147
41999 4148
42004 4149
42017 4150
42031 4151
42035 4152
42036 4153
42037 4154
42038 4155
42049 4156
42059 4157
42092 4158
42093 4159
42162 4160
42163 4161
42167 4162
42168 4163
42172 4164
42183 4165
42196 4166
42226 4167
42234 4168
42235 4169
42244 4170
42249 4171
42251 4172
42252 4173
42258 4174
42263 4175
42272 4176
42298 4177
42304 4178
42308 4179
42315 4180
42333 4181
42337 4182
42341 4183
42344 4184
42350 4185
42375 4186
42398 4187
42408 4188
42410 4189
42411 4190
42414 4191
42418 4192
42419 4193
42420 4194
42443 4195
42445 4196
42455 4197
42463 4198
42465 4199
42474 4200
42480 4201
42489 4202
42494 4203
42499 4204
42503 4205
42507 4206
42510 4207
42520 4208
42537 4209
42543 4210
42546 4211
42550 4212
42554 4213
42561 4214
42564 4215
42572 4216
42583 4217
42591 4218
42606 4219
42700 4220
42701 4221
42703 4222
42715 4223
42735 4224
42747 4225
42762 4226
42764 4227
42782 4228
42788 4229
42797 4230
42815 4231
42819 4232
42821 4233
42841 4234
42850 4235
42851 4236
42852 4237
42856 4238
42866 4239
42885 4240
42898 4241
42901 4242
42912 4243
42917 4244
42926 4245
42929 4246
42954 4247
42959 4248
42977 4249
42980 4250
43004 4251
43005 4252
43008 4253
43014 4254
43019 4255
43033 4256
43051 4257
43054 4258
43056 4259
43070 4260
43086 4261
43087 4262
43093 4263
43094 4264
43106 4265
43109 4266
43119 4267
43125 4268
43143 4269
43154 4270
43160 4271
43168 4272
43183 4273
43184 4274
43189 4275
43200 4276
43208 4277
43211 4278
43215 4279
43217 4280
43221 4281
43224 4282
43225 4283
43232 4284
43241 4285
43260 4286
43262 4287
43266 4288
43280 4289
43287 4290
43299 4291
43303 4292
43308 4293
43311 4294
43313 4295
43316 4296
43326 4297
43328 4298
43337 4299
43359 4300
43368 4301
43370 4302
43379 4303
43388 4304
43392 4305
43401 4306
43418 4307
43426 4308
43431 4309
43451 4310
43461 4311
43474 4312
43480 4313
43482 4314
43486 4315
43488 4316
43498 4317
43500 4318
43532 4319
43550 4320
43557 4321
43595 4322
43599 4323
43617 4324
43619 4325
43639 4326
43643 4327
43649 4328
43672 4329
43693 4330
43694 4331
43699 4332
43707 4333
43714 4334
43718 4335
43724 4336
43735 4337
43739 4338
43752 4339
43797 4340
43818 4341
43827 4342
43841 4343
43847 4344
43885 4345
43888 4346
43900 4347
43915 4348
43920 4349
43927 4350
43928 4351
43933 4352
43950 4353
43962 4354
43968 4355
43975 4356
43984 4357
43993 4358
43996 4359
43998 4360
44007 4361
44013 4362
44015 4363
44020 4364
44021 4365
44025 4366
44034 4367
44048 4368
44051 4369
44066 4370
44073 4371
44094 4372
44114 4373
44120 4374
44127 4375
44134 4376
44142 4377
44147 4378
44149 4379
44153 4380
44160 4381
44174 4382
44180 4383
44183 4384
44189 4385
44205 4386
44216 4387
44240 4388
44245 4389
44246 4390
44253 4391
44257 4392
44271 4393
44273 4394
44292 4395
44323 4396
44333 4397
44336 4398
44338 4399
44351 4400
44360 4401
44363 4402
44364 4403
44365 4404
44374 4405
44382 4406
44388 4407
44416 4408
44430 4409
44435 4410
44440 4411
44442 4412
44448 4413
44455 4414
44461 4415
44467 4416
44472 4417
44479 4418
44509 4419
44514 4420
44537 4421
44538 4422
44539 4423
44581 4424
44606 4425
44608 4426
44652 4427
44661 4428
44665 4429
44670 4430
44686 4431
44723 4432
44733 4433
44740 4434
44745 4435
44754 4436
44770 4437
44777 4438
44788 4439
44796 4440
44831 4441
44833 4442
44834 4443
44839 4444
44846 4445
44849 4446
44852 4447
44859 4448
44865 4449
44870 4450
44872 4451
44876 4452
44891 4453
44892 4454
44903 4455
44910 4456
44914 4457
44917 4458
44918 4459
44920 4460
44923 4461
44926 4462
44927 4463
44932 4464
44943 4465
44948 4466
44951 4467
44953 4468
44956 4469
44960 4470
44962 4471
44975 4472
44981 4473
44993 4474
44999 4475
45015 4476
45028 4477
45049 4478
45055 4479
45075 4480
45080 4481
45081 4482
45090 4483
45093 4484
45100 4485
45106 4486
45113 4487
45117 4488
45125 4489
45133 4490
45145 4491
45165 4492
45170 4493
45172 4494
45173 4495
45195 4496
45199 4497
45203 4498
45218 4499
45222 4500
45230 4501
45240 4502
45241 4503
45254 4504
45257 4505
45260 4506
45265 4507
45266 4508
45267 4509
45271 4510
45275 4511
45278 4512
45290 4513
45321 4514
45331 4515
45334 4516
45340 4517
45366 4518
45367 4519
45376 4520
45386 4521
45409 4522
45414 4523
45419 4524
45428 4525
45433 4526
45436 4527
45448 4528
45451 4529
45470 4530
45479 4531
45487 4532
45492 4533
45496 4534
45499 4535
45500 4536
45504 4537
45524 4538
45551 4539
45552 4540
45554 4541
45563 4542
45575 4543
45592 4544
45603 4545
45607 4546
45612 4547
45617 4548
45622 4549
45623 4550
45634 4551
45649 4552
45657 4553
45661 4554
45671 4555
45676 4556
45683 4557
45684 4558
45685 4559
45714 4560
45721 4561
45722 4562
45730 4563
45737 4564
45743 4565
45749 4566
45754 4567
45762 4568
45775 4569
45777 4570
45785 4571
45795 4572
45832 4573
45835 4574
45851 4575
45852 4576
45867 4577
45878 4578
45880 4579
45908 4580
45915 4581
45917 4582
45922 4583
45923 4584
45927 4585
45930 4586
45935 4587
45954 4588
45959 4589
45962 4590
45963 4591
45964 4592
45975 4593
46014 4594
46022 4595
46025 4596
46044 4597
46047 4598
46056 4599
46063 4600
46082 4601
46093 4602
46095 4603
46097 4604
46114 4605
46122 4606
46132 4607
46146 4608
46162 4609
46164 4610
46176 4611
46180 4612
46183 4613
46187 4614
46196 4615
46197 4616
46213 4617
46222 4618
46234 4619
46237 4620
46244 4621
46267 4622
46274 4623
46285 4624
46311 4625
46318 4626
46322 4627
46323 4628
46344 4629
46354 4630
46375 4631
46380 4632
46382 4633
46385 4634
46406 4635
46408 4636
46429 4637
46431 4638
46439 4639
46468 4640
46476 4641
46489 4642
46502 4643
46504 4644
46512 4645
46521 4646
46522 4647
46525 4648
46540 4649
46546 4650
46548 4651
46549 4652
46555 4653
46558 4654
46560 4655
46623 4656
46628 4657
46637 4658
46648 4659
46651 4660
46655 4661
46657 4662
46664 4663
46666 4664
46672 4665
46676 4666
46694 4667
46699 4668
46705 4669
46722 4670
46735 4671
46751 4672
46761 4673
46766 4674
46770 4675
46773 4676
46812 4677
46813 4678
46819 4679
46839 4680
46856 4681
46873 4682
46886 4683
46904 4684
46907 4685
46913 4686
46920 4687
46923 4688
46968 4689
46977 4690
46981 4691
46982 4692
47004 4693
47011 4694
47016 4695
47037 4696
47043 4697
47046 4698
47081 4699
47095 4700
47151 4701
47158 4702
47170 4703
47172 4704
47176 4705
47201 4706
47204 4707
47206 4708
47208 4709
47224 4710
47241 4711
47253 4712
47254 4713
47275 4714
47279 4715
47290 4716
47327 4717
47350 4718
47361 4719
47384 4720
47422 4721
47435 4722
47448 4723
47454 4724
47456 4725
47462 4726
47465 4727
47476 4728
47482 4729
47487 4730
47490 4731
47509 4732
47513 4733
47526 4734
47528 4735
47532 4736
47538 4737
47554 4738
47572 4739
47575 4740
47577 4741
47581 4742
47590 4743
47594 4744
47601 4745
47621 4746
47623 4747
47627 4748
47638 4749
47644 4750
47651 4751
47653 4752
47664 4753
47674 4754
47682 4755
47696 4756
47697 4757
47702 4758
47710 4759
47712 4760
47727 4761
47744 4762
47747 4763
47748 4764
47751 4765
47789 4766
47792 4767
47799 4768
47825 4769
47836 4770
47838 4771
47844 4772
47853 4773
47855 4774
47875 4775
47895 4776
47903 4777
47913 4778
47928 4779
47944 4780
47946 4781
47950 4782
47960 4783
47974 4784
48000 4785
48003 4786
48037 4787
48038 4788
48052 4789
48054 4790
48057 4791
48071 4792
48075 4793
48082 4794
48093 4795
48122 4796
48125 4797
48126 4798
48129 4799
48136 4800
48143 4801
48176 4802
48182 4803
48192 4804
48199 4805
48201 4806
48214 4807
48220 4808
48222 4809
48229 4810
48231 4811
48243 4812
48247 4813
48248 4814
48250 4815
48270 4816
48290 4817
48293 4818
48297 4819
48298 4820
48307 4821
48309 4822
48317 4823
48326 4824
48332 4825
48340 4826
48342 4827
48348 4828
48351 4829
48353 4830
48354 4831
48362 4832
48389 4833
48397 4834
48400 4835
48403 4836
48418 4837
48430 4838
48457 4839
48462 4840
48465 4841
48471 4842
48486 4843
48489 4844
48499 4845
48525 4846
48532 4847
48567 4848
48588 4849
48589 4850
48592 4851
48598 4852
48609 4853
48623 4854
48633 4855
48643 4856
48653 4857
48656 4858
48660 4859
48663 4860
48668 4861
48687 4862
48690 4863
48726 4864
48736 4865
48737 4866
48739 4867
48747 4868
48752 4869
48758 4870
48776 4871
48786 4872
48790 4873
48798 4874
48799 4875
48808 4876
48827 4877
48841 4878
48846 4879
48862 4880
48863 4881
48866 4882
48888 4883
48898 4884
48901 4885
48902 4886
48904 4887
48920 4888
48941 4889
48950 4890
48959 4891
48963 4892
48976 4893
49001 4894
49010 4895
49011 4896
49014 4897
49016 4898
49038 4899
49042 4900
49047 4901
49050 4902
49074 4903
49082 4904
49094 4905
49101 4906
49105 4907
49110 4908
49116 4909
49136 4910
49149 4911
49165 4912
49166 4913
49177 4914
49191 4915
49192 4916
49222 4917
49247 4918
49254 4919
49259 4920
49293 4921
49297 4922
49303 4923
49310 4924
49313 4925
49321 4926
49326 4927
49328 4928
49334 4929
49340 4930
49343 4931
49355 4932
49361 4933
49389 4934
49417 4935
49426 4936
49452 4937
49479 4938
49480 4939
49488 4940
49497 4941
49512 4942
49513 4943
49530 4944
49544 4945
49554 4946
49567 4947
49579 4948
49590 4949
49592 4950
49617 4951
49622 4952
49626 4953
49634 4954
49635 4955
49643 4956
49648 4957
49660 4958
49663 4959
49697 4960
49704 4961
49705 4962
49707 4963
49710 4964
49764 4965
49780 4966
49820 4967
49831 4968
49839 4969
49860 4970
49867 4971
49883 4972
49901 4973
49905 4974
49910 4975
49911 4976
49938 4977
49942 4978
49958 4979
49964 4980
49969 4981
50007 4982
50016 4983
50021 4984
50034 4985
50044 4986
50050 4987
50062 4988
50069 4989
50072 4990
50083 4991
50086 4992
50087 4993
50088 4994
50099 4995
50106 4996
50116 4997
50118 4998
50125 4999
50130 5000
50136 5001
50147 5002
50149 5003
50155 5004
50162 5005
50165 5006
50171 5007
50183 5008
50185 5009
50193 5010
50194 5011
50200 5012
50214 5013
50221 5014
50231 5015
50233 5016
50234 5017
50235 5018
50251 5019
50258 5020
50270 5021
50274 5022
50295 5023
50300 5024
50302 5025
50305 5026
50307 5027
50329 5028
50333 5029
50343 5030
50350 5031
50367 5032
50373 5033
50374 5034
50376 5035
50377 5036
50380 5037
50406 5038
50409 5039
50412 5040
50422 5041
50430 5042
50443 5043
50446 5044
50448 5045
50456 5046
50462 5047
50467 5048
50472 5049
50486 5050
50488 5051
50490 5052
50497 5053
50516 5054
50522 5055
50523 5056
50525 5057
50529 5058
50545 5059
50552 5060
50564 5061
50584 5062
50605 5063
50632 5064
50647 5065
50671 5066
50673 5067
50682 5068
50684 5069
50699 5070
50701 5071
50704 5072
50705 5073
50715 5074
50740 5075
50773 5076
50776 5077
50778 5078
50784 5079
50800 5080
50806 5081
50828 5082
50832 5083
50836 5084
50852 5085
50853 5086
50860 5087
50868 5088
50873 5089
50909 5090
50931 5091
50940 5092
50951 5093
50967 5094
50976 5095
51024 5096
51037 5097
51042 5098
51047 5099
51051 5100
51053 5101
51062 5102
51080 5103
51085 5104
51087 5105
51099 5106
51109 5107
51129 5108
51141 5109
51169 5110
51173 5111
51181 5112
51182 5113
51184 5114
51191 5115
51205 5116
51214 5117
51260 5118
51267 5119
51274 5120
51276 5121
51286 5122
51290 5123
51324 5124
51348 5125
51367 5126
51369 5127
51374 5128
51380 5129
51382 5130
51385 5131
51401 5132
51403 5133
51406 5134
51445 5135
51450 5136
51470 5137
51473 5138
51481 5139
51483 5140
51492 5141
51496 5142
51519 5143
51525 5144
51531 5145
51538 5146
51568 5147
51572 5148
51574 5149
51589 5150
51599 5151
51601 5152
51625 5153
51630 5154
51652 5155
51657 5156
51682 5157
51688 5158
51696 5159
51697 5160
51706 5161
51720 5162
51723 5163
51728 5164
51731 5165
51733 5166
51738 5167
51743 5168
51746 5169
51747 5170
51754 5171
51767 5172
51770 5173
51777 5174
51789 5175
51843 5176
51845 5177
51846 5178
51856 5179
51869 5180
51872 5181
51893 5182
51923 5183
51935 5184
51937 5185
51949 5186
51950 5187
51955 5188
51966 5189
51976 5190
51979 5191
51998 5192
52004 5193
52018 5194
52052 5195
52054 5196
52061 5197
52064 5198
52068 5199
52069 5200
52075 5201
52078 5202
52105 5203
52111 5204
52146 5205
52155 5206
52167 5207
52183 5208
52201 5209
52209 5210
52217 5211
52219 5212
52220 5213
52224 5214
52238 5215
52239 5216
52252 5217
52256 5218
52267 5219
52299 5220
52302 5221
52308 5222
52311 5223
52316 5224
52355 5225
52363 5226
52368 5227
52378 5228
52384 5229
52391 5230
52397 5231
52401 5232
52402 5233
52404 5234
52405 5235
52410 5236
52416 5237
52424 5238
52426 5239
52427 5240
52430 5241
52435 5242
52439 5243
52443 5244
52488 5245
52497 5246
52499 5247
52504 5248
52510 5249
52515 5250
52534 5251
52563 5252
52580 5253
52583 5254
52584 5255
52586 5256
52592 5257
52601 5258
52616 5259
52617 5260
52625 5261
52642 5262
