org_id remap_id
3 0
5 1
6 2
9 3
13 4
18 5
22 6
23 7
35 8
37 9
39 10
41 11
47 12
51 13
55 14
58 15
70 16
71 17
81 18
84 19
87 20
89 21
92 22
98 23
106 24
113 25
116 26
125 27
135 28
142 29
145 30
152 31
154 32
158 33
164 34
169 35
170 36
172 37
173 38
179 39
181 40
184 41
193 42
200 43
208 44
209 45
212 46
215 47
216 48
217 49
221 50
223 51
233 52
235 53
236 54
240 55
251 56
253 57
256 58
261 59
264 60
265 61
267 62
268 63
272 64
275 65
277 66
288 67
291 68
292 69
299 70
303 71
304 72
305 73
307 74
309 75
314 76
316 77
318 78
319 79
332 80
345 81
347 82
350 83
365 84
371 85
373 86
374 87
376 88
381 89
387 90
388 91
391 92
395 93
401 94
402 95
404 96
405 97
413 98
414 99
415 100
417 101
418 102
424 103
428 104
448 105
451 106
456 107
461 108
463 109
482 110
483 111
486 112
493 113
502 114
503 115
512 116
513 117
515 118
517 119
531 120
532 121
533 122
534 123
538 124
542 125
545 126
546 127
548 128
553 129
561 130
565 131
582 132
587 133
597 134
610 135
613 136
614 137
620 138
622 139
626 140
635 141
638 142
639 143
640 144
646 145
649 146
653 147
657 148
662 149
666 150
667 151
679 152
683 153
689 154
699 155
711 156
713 157
714 158
718 159
725 160
735 161
740 162
744 163
756 164
759 165
775 166
778 167
783 168
800 169
804 170
809 171
812 172
819 173
820 174
828 175
834 176
841 177
843 178
844 179
847 180
849 181
854 182
860 183
861 184
863 185
869 186
873 187
878 188
881 189
883 190
888 191
896 192
899 193
904 194
923 195
924 196
929 197
936 198
940 199
944 200
945 201
948 202
951 203
956 204
960 205
961 206
966 207
970 208
976 209
992 210
1001 211
1004 212
1009 213
1011 214
1015 215
1016 216
1018 217
1020 218
1022 219
1024 220
1029 221
1034 222
1038 223
1039 224
1041 225
1042 226
1051 227
1055 228
1056 229
1058 230
1061 231
1067 232
1069 233
1071 234
1072 235
1078 236
1083 237
1093 238
1094 239
1098 240
1100 241
1101 242
1108 243
1135 244
1137 245
1140 246
1151 247
1157 248
1158 249
1174 250
1176 251
1180 252
1181 253
1190 254
1199 255
1201 256
1202 257
1204 258
1211 259
1213 260
1219 261
1222 262
1224 263
1227 264
1232 265
1236 266
1237 267
1241 268
1243 269
1253 270
1255 271
1268 272
1270 273
1275 274
1279 275
1282 276
1284 277
1291 278
1292 279
1293 280
1295 281
1302 282
1305 283
1306 284
1307 285
1308 286
1318 287
1319 288
1321 289
1324 290
1331 291
1332 292
1344 293
1345 294
1349 295
1363 296
1368 297
1370 298
1373 299
1376 300
1378 301
1382 302
1384 303
1386 304
1387 305
1394 306
1398 307
1399 308
1402 309
1413 310
1420 311
1423 312
1426 313
1430 314
1431 315
1434 316
1435 317
1436 318
1438 319
1443 320
1444 321
1449 322
1451 323
1452 324
1454 325
1462 326
1464 327
1482 328
1484 329
1485 330
1488 331
1489 332
1491 333
1498 334
1500 335
1501 336
1503 337
1504 338
1505 339
1506 340
1507 341
1514 342
1521 343
1523 344
1525 345
1536 346
1539 347
1543 348
1563 349
1564 350
1566 351
1571 352
1577 353
1580 354
1586 355
1589 356
1591 357
1592 358
1594 359
1595 360
1604 361
1607 362
1608 363
1615 364
1626 365
1630 366
1641 367
1643 368
1645 369
1647 370
1649 371
1655 372
1656 373
1657 374
1658 375
1659 376
1663 377
1664 378
1666 379
1676 380
1682 381
1683 382
1685 383
1688 384
1691 385
1696 386
1705 387
1706 388
1709 389
1715 390
1717 391
1720 392
1723 393
1725 394
1738 395
1745 396
1754 397
1756 398
1758 399
1759 400
1762 401
1763 402
1771 403
1773 404
1774 405
1775 406
1776 407
1778 408
1782 409
1786 410
1788 411
1795 412
1803 413
1815 414
1816 415
1823 416
1832 417
1836 418
1838 419
1840 420
1841 421
1849 422
1854 423
1860 424
1863 425
1864 426
1873 427
1879 428
1882 429
1888 430
1891 431
1897 432
1898 433
1900 434
1910 435
1916 436
1919 437
1921 438
1924 439
1929 440
1938 441
1942 442
1945 443
1951 444
1954 445
1958 446
1962 447
1963 448
1965 449
1967 450
1973 451
1974 452
1980 453
1981 454
1984 455
1986 456
1989 457
1993 458
1997 459
1998 460
2019 461
2020 462
2023 463
2027 464
2032 465
2035 466
2040 467
2050 468
2058 469
2059 470
2067 471
2071 472
2072 473
2073 474
2075 475
2081 476
2082 477
2089 478
2090 479
2091 480
2092 481
2098 482
2099 483
2104 484
2112 485
2127 486
2139 487
2141 488
2145 489
2150 490
2152 491
2154 492
2159 493
2166 494
2168 495
2184 496
2195 497
2199 498
2201 499
2203 500
2204 501
2207 502
2208 503
2212 504
2213 505
2217 506
2221 507
2226 508
2227 509
2234 510
2237 511
2241 512
2242 513
2243 514
2245 515
2248 516
2254 517
2255 518
2256 519
2258 520
2259 521
2261 522
2266 523
2267 524
2274 525
2279 526
2280 527
2287 528
2292 529
2306 530
2308 531
2320 532
2321 533
2322 534
2326 535
2332 536
2333 537
2337 538
2339 539
2347 540
2361 541
2363 542
2371 543
2376 544
2377 545
2378 546
2384 547
2386 548
2388 549
2391 550
2393 551
2396 552
2400 553
2408 554
2409 555
2415 556
2416 557
2420 558
2423 559
2426 560
2427 561
2430 562
2431 563
2435 564
2436 565
2440 566
2447 567
2451 568
2452 569
2453 570
2457 571
2458 572
2459 573
2465 574
2467 575
2469 576
2470 577
2474 578
2490 579
2491 580
2502 581
2505 582
2514 583
2519 584
2520 585
2521 586
2525 587
2526 588
2528 589
2529 590
2538 591
2549 592
2550 593
2551 594
2552 595
2553 596
2559 597
2567 598
2569 599
2571 600
2577 601
2580 602
2582 603
2583 604
2584 605
2586 606
2587 607
2589 608
2590 609
2592 610
2595 611
2596 612
2614 613
2620 614
2622 615
2623 616
2625 617
2628 618
2629 619
2631 620
2635 621
2640 622
2641 623
2647 624
2648 625
2660 626
2661 627
2670 628
2673 629
2674 630
2682 631
2683 632
2684 633
2686 634
2688 635
2698 636
2700 637
2704 638
2707 639
2708 640
2709 641
2727 642
2739 643
2746 644
2748 645
2750 646
2753 647
2760 648
2762 649
2763 650
2775 651
2776 652
2777 653
2778 654
2782 655
2783 656
2784 657
2787 658
2789 659
2791 660
2797 661
2805 662
2806 663
2808 664
2809 665
2813 666
2825 667
2830 668
2834 669
2839 670
2840 671
2842 672
2845 673
2848 674
2850 675
2851 676
2860 677
2867 678
2871 679
2874 680
2876 681
2884 682
2885 683
2887 684
2888 685
2907 686
2916 687
2925 688
2926 689
2927 690
2931 691
2932 692
2934 693
2936 694
2950 695
2951 696
2953 697
2954 698
2955 699
2957 700
2958 701
2959 702
2961 703
2962 704
2967 705
2978 706
2979 707
2984 708
2986 709
2988 710
2989 711
2992 712
2995 713
2998 714
3003 715
3005 716
3006 717
3011 718
3012 719
3013 720
3024 721
3029 722
3039 723
3045 724
3047 725
3048 726
3049 727
3050 728
3052 729
3053 730
3054 731
3056 732
3058 733
3060 734
3061 735
3062 736
3063 737
3070 738
3078 739
3089 740
3090 741
3096 742
3103 743
3112 744
3115 745
3118 746
3120 747
3124 748
3125 749
3131 750
3142 751
3144 752
3154 753
3155 754
3156 755
3164 756
3168 757
3169 758
3172 759
3176 760
3178 761
3182 762
3183 763
3184 764
3192 765
3198 766
3200 767
3201 768
3208 769
3217 770
3218 771
3224 772
3225 773
3231 774
3235 775
3243 776
3244 777
3246 778
3249 779
3251 780
3255 781
3262 782
3267 783
3270 784
3272 785
3276 786
3278 787
3281 788
3283 789
3285 790
3288 791
3292 792
3293 793
3294 794
3301 795
3306 796
3308 797
3309 798
3310 799
3314 800
3316 801
3318 802
3319 803
3323 804
3334 805
3339 806
3349 807
3351 808
3352 809
3355 810
3356 811
3358 812
3361 813
3363 814
3365 815
3368 816
3371 817
3375 818
3381 819
3382 820
3384 821
3391 822
3393 823
3394 824
3396 825
3398 826
3405 827
3406 828
3411 829
3425 830
3427 831
3431 832
3437 833
3457 834
3458 835
3461 836
3462 837
3468 838
3471 839
3477 840
3479 841
3482 842
3483 843
3486 844
3488 845
3491 846
3492 847
3494 848
3495 849
3504 850
3505 851
3506 852
3507 853
3516 854
3519 855
3522 856
3531 857
3537 858
3540 859
3542 860
3546 861
3550 862
3552 863
3557 864
3566 865
3570 866
3573 867
3579 868
3580 869
3583 870
3591 871
3592 872
3601 873
3602 874
3616 875
3618 876
3619 877
3632 878
3633 879
3634 880
3643 881
3648 882
3655 883
3665 884
3676 885
3687 886
3691 887
3694 888
3697 889
3700 890
3704 891
3709 892
3713 893
3715 894
3717 895
3724 896
3729 897
3730 898
3731 899
3734 900
3735 901
3736 902
3738 903
3742 904
3743 905
3748 906
3749 907
3753 908
3755 909
3759 910
3760 911
3764 912
3771 913
3773 914
3774 915
3779 916
3781 917
3782 918
3784 919
3789 920
3794 921
3797 922
3798 923
3800 924
3803 925
3805 926
3808 927
3809 928
3823 929
3832 930
3834 931
3844 932
3846 933
3847 934
3849 935
3850 936
3857 937
3858 938
3859 939
3861 940
3862 941
3868 942
3873 943
3876 944
3877 945
3881 946
3887 947
3889 948
3893 949
3902 950
3910 951
3912 952
3913 953
3917 954
3920 955
3926 956
3928 957
3929 958
3931 959
3941 960
3944 961
3949 962
3951 963
3953 964
3956 965
3965 966
3966 967
3972 968
3976 969
3978 970
3979 971
3992 972
3993 973
3996 974
4002 975
4005 976
4014 977
4018 978
4035 979
4037 980
4038 981
4049 982
4059 983
4068 984
4071 985
4074 986
4078 987
4083 988
4085 989
4090 990
4097 991
4101 992
4106 993
4120 994
4123 995
4126 996
4134 997
4135 998
4136 999
4137 1000
4142 1001
4147 1002
4153 1003
4157 1004
4159 1005
4170 1006
4172 1007
4176 1008
4182 1009
4187 1010
4190 1011
4192 1012
4201 1013
4202 1014
4205 1015
4206 1016
4207 1017
4216 1018
4220 1019
4224 1020
4225 1021
4228 1022
4233 1023
4240 1024
4252 1025
4259 1026
4262 1027
4263 1028
4270 1029
4272 1030
4275 1031
4279 1032
4281 1033
4283 1034
4284 1035
4286 1036
4288 1037
4293 1038
4294 1039
4297 1040
4299 1041
4301 1042
4306 1043
4318 1044
4322 1045
4323 1046
4324 1047
4330 1048
4331 1049
4332 1050
4335 1051
4340 1052
4341 1053
4342 1054
4347 1055
4348 1056
4357 1057
4362 1058
4369 1059
4370 1060
4371 1061
4374 1062
4376 1063
4384 1064
4387 1065
4388 1066
4389 1067
4393 1068
4397 1069
4400 1070
4403 1071
4406 1072
4411 1073
4414 1074
4418 1075
4419 1076
4426 1077
4427 1078
4437 1079
4439 1080
4442 1081
4444 1082
4445 1083
4446 1084
4447 1085
4460 1086
4466 1087
4468 1088
4471 1089
4473 1090
4476 1091
4481 1092
4490 1093
4493 1094
4494 1095
4496 1096
4498 1097
4501 1098
4504 1099
4505 1100
4507 1101
4508 1102
4511 1103
4517 1104
4524 1105
4527 1106
4532 1107
4534 1108
4535 1109
4547 1110
4549 1111
4550 1112
4553 1113
4560 1114
4562 1115
4572 1116
4575 1117
4580 1118
4581 1119
4585 1120
4586 1121
4587 1122
4591 1123
4593 1124
4597 1125
4599 1126
4602 1127
4607 1128
4608 1129
4612 1130
4616 1131
4632 1132
4634 1133
4641 1134
4642 1135
4648 1136
4656 1137
4658 1138
4660 1139
4665 1140
4667 1141
4676 1142
4678 1143
4681 1144
4689 1145
4693 1146
4694 1147
4704 1148
4707 1149
4713 1150
4721 1151
4723 1152
4724 1153
4727 1154
4730 1155
4739 1156
4741 1157
4746 1158
4762 1159
4770 1160
4779 1161
4781 1162
4785 1163
4787 1164
4790 1165
4792 1166
4798 1167
4799 1168
4812 1169
4828 1170
4831 1171
4835 1172
4839 1173
4840 1174
4842 1175
4845 1176
4850 1177
4852 1178
4856 1179
4860 1180
4869 1181
4870 1182
4871 1183
4879 1184
4880 1185
4882 1186
4884 1187
4887 1188
4888 1189
4889 1190
4899 1191
4900 1192
4901 1193
4903 1194
4910 1195
4912 1196
4917 1197
4923 1198
4927 1199
4933 1200
4937 1201
4939 1202
4940 1203
4942 1204
4943 1205
4946 1206
4948 1207
4952 1208
4960 1209
4962 1210
4971 1211
4984 1212
4985 1213
4993 1214
4994 1215
5001 1216
5003 1217
5007 1218
5008 1219
5009 1220
5013 1221
5014 1222
5017 1223
5019 1224
5027 1225
5032 1226
5036 1227
5038 1228
5043 1229
5045 1230
5050 1231
5052 1232
5053 1233
5054 1234
5055 1235
5058 1236
5063 1237
5064 1238
5069 1239
5070 1240
5071 1241
5072 1242
5077 1243
5078 1244
5079 1245
5083 1246
5088 1247
5091 1248
5092 1249
5093 1250
5094 1251
5098 1252
5102 1253
5111 1254
5115 1255
5122 1256
5129 1257
5142 1258
5146 1259
5147 1260
5154 1261
5156 1262
5157 1263
5158 1264
5159 1265
5161 1266
5164 1267
5167 1268
5169 1269
5175 1270
5176 1271
5179 1272
5182 1273
5183 1274
5189 1275
5191 1276
5197 1277
5201 1278
5209 1279
5215 1280
5216 1281
5217 1282
5221 1283
5222 1284
5223 1285
5230 1286
5231 1287
5233 1288
5242 1289
5247 1290
5253 1291
5254 1292
5255 1293
5267 1294
5269 1295
5272 1296
5273 1297
5274 1298
5279 1299
5283 1300
5293 1301
5294 1302
5301 1303
5307 1304
5308 1305
5310 1306
5316 1307
5323 1308
5324 1309
5329 1310
5338 1311
5350 1312
5352 1313
5354 1314
5358 1315
5366 1316
5368 1317
5377 1318
5379 1319
5385 1320
5386 1321
5391 1322
5394 1323
5395 1324
5402 1325
5406 1326
5408 1327
5410 1328
5419 1329
5423 1330
5424 1331
5426 1332
5434 1333
5436 1334
5438 1335
5449 1336
5450 1337
5451 1338
5460 1339
5465 1340
5466 1341
5467 1342
5468 1343
5469 1344
5471 1345
5472 1346
5477 1347
5479 1348
5480 1349
5482 1350
5484 1351
5485 1352
5491 1353
5495 1354
5498 1355
5501 1356
5504 1357
5509 1358
5511 1359
5512 1360
5517 1361
5524 1362
5525 1363
5537 1364
5546 1365
5553 1366
5554 1367
5556 1368
5560 1369
5570 1370
5574 1371
5587 1372
5589 1373
5590 1374
5597 1375
5607 1376
5609 1377
5615 1378
5631 1379
5642 1380
5653 1381
5654 1382
5657 1383
5661 1384
5662 1385
5664 1386
5665 1387
5674 1388
5675 1389
5676 1390
5685 1391
5690 1392
5692 1393
5693 1394
5694 1395
5695 1396
5696 1397
5697 1398
5702 1399
5704 1400
5708 1401
5709 1402
5716 1403
5717 1404
5719 1405
5724 1406
5727 1407
5735 1408
5736 1409
5737 1410
5738 1411
5740 1412
5743 1413
5745 1414
5750 1415
5752 1416
5755 1417
5757 1418
5759 1419
5760 1420
5763 1421
5770 1422
5771 1423
5787 1424
5794 1425
5801 1426
5804 1427
5806 1428
5813 1429
5815 1430
5819 1431
5820 1432
5823 1433
5826 1434
5832 1435
5848 1436
5851 1437
5853 1438
5854 1439
5856 1440
5862 1441
5864 1442
5870 1443
5874 1444
5876 1445
5877 1446
5879 1447
5892 1448
5894 1449
5895 1450
5897 1451
5899 1452
5900 1453
5906 1454
5909 1455
5911 1456
5913 1457
5925 1458
5935 1459
5939 1460
5942 1461
5944 1462
5947 1463
5950 1464
5954 1465
5958 1466
5959 1467
5962 1468
5966 1469
5972 1470
5977 1471
5989 1472
5992 1473
5998 1474
6012 1475
6025 1476
6026 1477
6029 1478
6030 1479
6041 1480
6044 1481
6054 1482
6058 1483
6066 1484
6079 1485
6086 1486
6089 1487
6092 1488
6096 1489
6101 1490
6105 1491
6107 1492
6113 1493
6115 1494
6121 1495
6124 1496
6126 1497
6130 1498
6132 1499
6137 1500
6140 1501
6145 1502
6146 1503
6153 1504
6158 1505
6160 1506
6165 1507
6168 1508
6172 1509
6174 1510
6176 1511
6179 1512
6181 1513
6193 1514
6208 1515
6218 1516
6219 1517
6220 1518
6221 1519
6222 1520
6223 1521
6225 1522
6226 1523
6228 1524
6230 1525
6231 1526
6232 1527
6239 1528
6241 1529
6244 1530
6245 1531
6251 1532
6260 1533
6262 1534
6276 1535
6278 1536
6286 1537
6289 1538
6291 1539
6297 1540
6300 1541
6308 1542
6310 1543
6315 1544
6316 1545
6318 1546
6323 1547
6328 1548
6329 1549
6340 1550
6353 1551
6357 1552
6360 1553
6367 1554
6371 1555
6374 1556
6378 1557
6381 1558
6393 1559
6403 1560
6407 1561
6419 1562
6424 1563
6425 1564
6428 1565
6432 1566
6436 1567
6437 1568
6456 1569
6457 1570
6464 1571
6465 1572
6468 1573
6479 1574
6482 1575
6491 1576
6492 1577
6498 1578
6509 1579
6511 1580
6515 1581
6517 1582
6519 1583
6522 1584
6524 1585
6525 1586
6526 1587
6527 1588
6532 1589
6534 1590
6535 1591
6536 1592
6539 1593
6542 1594
6543 1595
6545 1596
6547 1597
6550 1598
6559 1599
6563 1600
6575 1601
6577 1602
6579 1603
6581 1604
6582 1605
6585 1606
6591 1607
6601 1608
6605 1609
6608 1610
6609 1611
6616 1612
6621 1613
6624 1614
6629 1615
6630 1616
6642 1617
6644 1618
6654 1619
6656 1620
6658 1621
6662 1622
6670 1623
6671 1624
6674 1625
6681 1626
6684 1627
6685 1628
6693 1629
6698 1630
6701 1631
6723 1632
6724 1633
6730 1634
6731 1635
6732 1636
6733 1637
6735 1638
6736 1639
6743 1640
6752 1641
6770 1642
6774 1643
6775 1644
6777 1645
6778 1646
6781 1647
6788 1648
6792 1649
6794 1650
6803 1651
6805 1652
6808 1653
6830 1654
6839 1655
6844 1656
6861 1657
6865 1658
6869 1659
6870 1660
6871 1661
6877 1662
6883 1663
6887 1664
6898 1665
6900 1666
6901 1667
6904 1668
6905 1669
6906 1670
6907 1671
6913 1672
6914 1673
6920 1674
6921 1675
6926 1676
6927 1677
6930 1678
6935 1679
6938 1680
6940 1681
6941 1682
6943 1683
6950 1684
6967 1685
6971 1686
6981 1687
6984 1688
6985 1689
6991 1690
6993 1691
7002 1692
7004 1693
7009 1694
7010 1695
7011 1696
7018 1697
7020 1698
7022 1699
7027 1700
7031 1701
7035 1702
7038 1703
7039 1704
7045 1705
7049 1706
7055 1707
7060 1708
7063 1709
7064 1710
7066 1711
7069 1712
7074 1713
7076 1714
7090 1715
7097 1716
7111 1717
7116 1718
7118 1719
7119 1720
7121 1721
7124 1722
7133 1723
7136 1724
7137 1725
7140 1726
7142 1727
7150 1728
7156 1729
7158 1730
7161 1731
7164 1732
7167 1733
7169 1734
7170 1735
7176 1736
7180 1737
7186 1738
7188 1739
7189 1740
7190 1741
7196 1742
7204 1743
7207 1744
7216 1745
7221 1746
7223 1747
7225 1748
7226 1749
7228 1750
7232 1751
7234 1752
7235 1753
7236 1754
7238 1755
7242 1756
7243 1757
7248 1758
7250 1759
7253 1760
7258 1761
7259 1762
7260 1763
7261 1764
7266 1765
7270 1766
7274 1767
7275 1768
7277 1769
7282 1770
7283 1771
7286 1772
7288 1773
7297 1774
7303 1775
7304 1776
7313 1777
7314 1778
7315 1779
7317 1780
7318 1781
7332 1782
7339 1783
7347 1784
7348 1785
7350 1786
7356 1787
7357 1788
7361 1789
7362 1790
7366 1791
7367 1792
7368 1793
7376 1794
7384 1795
7388 1796
7390 1797
7391 1798
7392 1799
7394 1800
7395 1801
7400 1802
7410 1803
7411 1804
7413 1805
7414 1806
7415 1807
7423 1808
7429 1809
7442 1810
7454 1811
7455 1812
7456 1813
7457 1814
7459 1815
7467 1816
7469 1817
7475 1818
7478 1819
7484 1820
7487 1821
7489 1822
7501 1823
7502 1824
7505 1825
7510 1826
7515 1827
7519 1828
7525 1829
7528 1830
7529 1831
7530 1832
7534 1833
7536 1834
7537 1835
7540 1836
7547 1837
7554 1838
7569 1839
7574 1840
7576 1841
7577 1842
7583 1843
7584 1844
7585 1845
7591 1846
7593 1847
7597 1848
7606 1849
7608 1850
7609 1851
7618 1852
7622 1853
7623 1854
7624 1855
7627 1856
7628 1857
7629 1858
7634 1859
7648 1860
7653 1861
7654 1862
7661 1863
7667 1864
7668 1865
7672 1866
7673 1867
7678 1868
7683 1869
7684 1870
7685 1871
7688 1872
7692 1873
7693 1874
7695 1875
7696 1876
7700 1877
7707 1878
7717 1879
7721 1880
7725 1881
7726 1882
7732 1883
7733 1884
7736 1885
7742 1886
7743 1887
7745 1888
7751 1889
7757 1890
7758 1891
7762 1892
7764 1893
7770 1894
7772 1895
7783 1896
7784 1897
7785 1898
7786 1899
7796 1900
7798 1901
7804 1902
7813 1903
7816 1904
7817 1905
7819 1906
7821 1907
7824 1908
7825 1909
7827 1910
7837 1911
7839 1912
7840 1913
7841 1914
7842 1915
7846 1916
7849 1917
7859 1918
7874 1919
7875 1920
7879 1921
7882 1922
7886 1923
7887 1924
7888 1925
7891 1926
7892 1927
7893 1928
7896 1929
7899 1930
7901 1931
7902 1932
7908 1933
7921 1934
7927 1935
7930 1936
7931 1937
7936 1938
7940 1939
7943 1940
7944 1941
7948 1942
7949 1943
7954 1944
7957 1945
7962 1946
7965 1947
7969 1948
7971 1949
7972 1950
7981 1951
7984 1952
7986 1953
7989 1954
7990 1955
7992 1956
7994 1957
8001 1958
8004 1959
8011 1960
8013 1961
8019 1962
8021 1963
8023 1964
8024 1965
8032 1966
8044 1967
8052 1968
8053 1969
8066 1970
8067 1971
8068 1972
8075 1973
8077 1974
8080 1975
8081 1976
8099 1977
8101 1978
8102 1979
8106 1980
8108 1981
8110 1982
8111 1983
8118 1984
8119 1985
8121 1986
8123 1987
8128 1988
8131 1989
8132 1990
8133 1991
8134 1992
8135 1993
8145 1994
8147 1995
8150 1996
8151 1997
8153 1998
8157 1999
8164 2000
8165 2001
8175 2002
8176 2003
8179 2004
8181 2005
8182 2006
8185 2007
8187 2008
8188 2009
8192 2010
8194 2011
8195 2012
8196 2013
8204 2014
8210 2015
8211 2016
8212 2017
8213 2018
8214 2019
8223 2020
8228 2021
8235 2022
8237 2023
8238 2024
8243 2025
8245 2026
8247 2027
8254 2028
8257 2029
8266 2030
8270 2031
8271 2032
8273 2033
8279 2034
8281 2035
8300 2036
8311 2037
8315 2038
8322 2039
8325 2040
8332 2041
8338 2042
8340 2043
8346 2044
8352 2045
8355 2046
8356 2047
8359 2048
8366 2049
8372 2050
8381 2051
8385 2052
8386 2053
8387 2054
8396 2055
8403 2056
8407 2057
8410 2058
8420 2059
8430 2060
8432 2061
8444 2062
8447 2063
8448 2064
8450 2065
8462 2066
8465 2067
8475 2068
8478 2069
8481 2070
8493 2071
8495 2072
8500 2073
8509 2074
8512 2075
8513 2076
8524 2077
8525 2078
8529 2079
8538 2080
8539 2081
8544 2082
8545 2083
8552 2084
8555 2085
8556 2086
8557 2087
8559 2088
8562 2089
8570 2090
8572 2091
8577 2092
8583 2093
8590 2094
8591 2095
8596 2096
8600 2097
8603 2098
8609 2099
8611 2100
8613 2101
8616 2102
8617 2103
8620 2104
8625 2105
8627 2106
8628 2107
8629 2108
8630 2109
8631 2110
8650 2111
8654 2112
8655 2113
8658 2114
8662 2115
8665 2116
8666 2117
8667 2118
8668 2119
8671 2120
8672 2121
8679 2122
8683 2123
8684 2124
8685 2125
8690 2126
8692 2127
8695 2128
8696 2129
8698 2130
8700 2131
8703 2132
8704 2133
8710 2134
8732 2135
8733 2136
8739 2137
8742 2138
8743 2139
8748 2140
8750 2141
8754 2142
8759 2143
8760 2144
8763 2145
8764 2146
8773 2147
8778 2148
8780 2149
8791 2150
8794 2151
8795 2152
8796 2153
8799 2154
8800 2155
8805 2156
8806 2157
8808 2158
8811 2159
8817 2160
8820 2161
8827 2162
8828 2163
8831 2164
8839 2165
8845 2166
8846 2167
8850 2168
8861 2169
8877 2170
8883 2171
8884 2172
8888 2173
8900 2174
8903 2175
8907 2176
8908 2177
8911 2178
8912 2179
8916 2180
8917 2181
8920 2182
8924 2183
8926 2184
8930 2185
8938 2186
8940 2187
8943 2188
8951 2189
8952 2190
8954 2191
8956 2192
8959 2193
8960 2194
8961 2195
8962 2196
8965 2197
8977 2198
8979 2199
8988 2200
8993 2201
8994 2202
8996 2203
8998 2204
9000 2205
9002 2206
9006 2207
9010 2208
9011 2209
9012 2210
9016 2211
9021 2212
9023 2213
9024 2214
9029 2215
9032 2216
9040 2217
9041 2218
9042 2219
9047 2220
9050 2221
9052 2222
9059 2223
9060 2224
9066 2225
9072 2226
9075 2227
9085 2228
9086 2229
9087 2230
9092 2231
9105 2232
9108 2233
9114 2234
9115 2235
9116 2236
9117 2237
9120 2238
9125 2239
9127 2240
9128 2241
9129 2242
9132 2243
9139 2244
9142 2245
9145 2246
9146 2247
9162 2248
9163 2249
9165 2250
9166 2251
9167 2252
9169 2253
9170 2254
9183 2255
9184 2256
9186 2257
9187 2258
9195 2259
9201 2260
9205 2261
9210 2262
9219 2263
9224 2264
9232 2265
9233 2266
9244 2267
9250 2268
9262 2269
9263 2270
9264 2271
9267 2272
9268 2273
9269 2274
9273 2275
9275 2276
9277 2277
9281 2278
9282 2279
9288 2280
9292 2281
9299 2282
9307 2283
9310 2284
9311 2285
9317 2286
9321 2287
9322 2288
9324 2289
9326 2290
9328 2291
9336 2292
9338 2293
9340 2294
9341 2295
9343 2296
9347 2297
9352 2298
9357 2299
9362 2300
9363 2301
9369 2302
9371 2303
9374 2304
9375 2305
9378 2306
9387 2307
9388 2308
9391 2309
9394 2310
9396 2311
9400 2312
9401 2313
9406 2314
9407 2315
9412 2316
9413 2317
9416 2318
9425 2319
9430 2320
9438 2321
9440 2322
9444 2323
9456 2324
9457 2325
9459 2326
9464 2327
9470 2328
9478 2329
9480 2330
9482 2331
9484 2332
9485 2333
9486 2334
9489 2335
9491 2336
9495 2337
9497 2338
9509 2339
9514 2340
9517 2341
9521 2342
9524 2343
9529 2344
9535 2345
9543 2346
9544 2347
9546 2348
9547 2349
9550 2350
9554 2351
9557 2352
9562 2353
9563 2354
9567 2355
9571 2356
9572 2357
9589 2358
9598 2359
9606 2360
9613 2361
9615 2362
9617 2363
9619 2364
9626 2365
9635 2366
9639 2367
9641 2368
9642 2369
9650 2370
9651 2371
9657 2372
9663 2373
9665 2374
9667 2375
9670 2376
9671 2377
9672 2378
9674 2379
9678 2380
9680 2381
9684 2382
9686 2383
9687 2384
9688 2385
9692 2386
9695 2387
9700 2388
9707 2389
9713 2390
9722 2391
9743 2392
9745 2393
9746 2394
9752 2395
9755 2396
9766 2397
9771 2398
9776 2399
9777 2400
9779 2401
9780 2402
9781 2403
9783 2404
9784 2405
9790 2406
9791 2407
9792 2408
9794 2409
9802 2410
9805 2411
9806 2412
9810 2413
9812 2414
9817 2415
9822 2416
9823 2417
9826 2418
9828 2419
9829 2420
9830 2421
9831 2422
9836 2423
9839 2424
9840 2425
9841 2426
9843 2427
9844 2428
9846 2429
9854 2430
9861 2431
9866 2432
9867 2433
9868 2434
9874 2435
9876 2436
9882 2437
9883 2438
9884 2439
9888 2440
9890 2441
9891 2442
9894 2443
9899 2444
9900 2445
9902 2446
9904 2447
9912 2448
9922 2449
9923 2450
9930 2451
9934 2452
9947 2453
9956 2454
9957 2455
9958 2456
9964 2457
9965 2458
9968 2459
9973 2460
9981 2461
9983 2462
9984 2463
9987 2464
10000 2465
10006 2466
10009 2467
10010 2468
10016 2469
10030 2470
10033 2471
10043 2472
10047 2473
10048 2474
10053 2475
10062 2476
10076 2477
10079 2478
10081 2479
10088 2480
10098 2481
10101 2482
10102 2483
10104 2484
10106 2485
10110 2486
10120 2487
10123 2488
10124 2489
10127 2490
10134 2491
10137 2492
10140 2493
10144 2494
10146 2495
10155 2496
10160 2497
10163 2498
10165 2499
10167 2500
10171 2501
10180 2502
10182 2503
10189 2504
10190 2505
10192 2506
10194 2507
10209 2508
10211 2509
10214 2510
10220 2511
10222 2512
10226 2513
10227 2514
10238 2515
10240 2516
10241 2517
10242 2518
10245 2519
10246 2520
10247 2521
10253 2522
10258 2523
10262 2524
10263 2525
10267 2526
10269 2527
10272 2528
10276 2529
10278 2530
10279 2531
10281 2532
10284 2533
10286 2534
10290 2535
10295 2536
10296 2537
10301 2538
10305 2539
10306 2540
10308 2541
10311 2542
10318 2543
10322 2544
10326 2545
10335 2546
10336 2547
10339 2548
10341 2549
10343 2550
10345 2551
10351 2552
10356 2553
10359 2554
10360 2555
10365 2556
10366 2557
10367 2558
10370 2559
10376 2560
10378 2561
10383 2562
10388 2563
10396 2564
10397 2565
10413 2566
10415 2567
10420 2568
10422 2569
10426 2570
10427 2571
10437 2572
10442 2573
10443 2574
10444 2575
10448 2576
10449 2577
10450 2578
10456 2579
10457 2580
10463 2581
10469 2582
10472 2583
10476 2584
10477 2585
10483 2586
10493 2587
10496 2588
10506 2589
10507 2590
10508 2591
10514 2592
10516 2593
10520 2594
10524 2595
10525 2596
10535 2597
10538 2598
10544 2599
10546 2600
10552 2601
10554 2602
10558 2603
10559 2604
10561 2605
10563 2606
10570 2607
10571 2608
10572 2609
10579 2610
10586 2611
10590 2612
10593 2613
10598 2614
10603 2615
10605 2616
10606 2617
10609 2618
10619 2619
10621 2620
10626 2621
10629 2622
10630 2623
10633 2624
10638 2625
10639 2626
10642 2627
10650 2628
10651 2629
10652 2630
10654 2631
10655 2632
10656 2633
10663 2634
10678 2635
10681 2636
10686 2637
10688 2638
10690 2639
10694 2640
10705 2641
10706 2642
10709 2643
10710 2644
10724 2645
10726 2646
10729 2647
10741 2648
10745 2649
10746 2650
10748 2651
10751 2652
10756 2653
10759 2654
10763 2655
10766 2656
10769 2657
10798 2658
10801 2659
10803 2660
10807 2661
10809 2662
10819 2663
10820 2664
10821 2665
10822 2666
10823 2667
10827 2668
10831 2669
10833 2670
10835 2671
10839 2672
10841 2673
10842 2674
10845 2675
10848 2676
10849 2677
10851 2678
10854 2679
10855 2680
10856 2681
10862 2682
10864 2683
10865 2684
10869 2685
10870 2686
10875 2687
10876 2688
10878 2689
10885 2690
10886 2691
10893 2692
10895 2693
10899 2694
10910 2695
10913 2696
10921 2697
10923 2698
10928 2699
10929 2700
10957 2701
10965 2702
10966 2703
10968 2704
10977 2705
10978 2706
10983 2707
10986 2708
10998 2709
11001 2710
11005 2711
11014 2712
11015 2713
11019 2714
11022 2715
11023 2716
11028 2717
11029 2718
11035 2719
11046 2720
11055 2721
11059 2722
11061 2723
11063 2724
11067 2725
11070 2726
11071 2727
11073 2728
11078 2729
11085 2730
11087 2731
11089 2732
11093 2733
11099 2734
11106 2735
11109 2736
11111 2737
11118 2738
11125 2739
11130 2740
11135 2741
11137 2742
11140 2743
11146 2744
11147 2745
11149 2746
11152 2747
11160 2748
11164 2749
11165 2750
11169 2751
11170 2752
11181 2753
11185 2754
11197 2755
11200 2756
11203 2757
11206 2758
11217 2759
11228 2760
11230 2761
11234 2762
11235 2763
11241 2764
11242 2765
11244 2766
11253 2767
11258 2768
11259 2769
11263 2770
11264 2771
11265 2772
11267 2773
11268 2774
11270 2775
11273 2776
11276 2777
11280 2778
11283 2779
11285 2780
11289 2781
11298 2782
11303 2783
11306 2784
11309 2785
11310 2786
11314 2787
11317 2788
11323 2789
11327 2790
11329 2791
11333 2792
11337 2793
11338 2794
11342 2795
11349 2796
11351 2797
11360 2798
11364 2799
11376 2800
11377 2801
11379 2802
11380 2803
11384 2804
11386 2805
11392 2806
11395 2807
11400 2808
11401 2809
11406 2810
11413 2811
11414 2812
11422 2813
11426 2814
11429 2815
11436 2816
11448 2817
11449 2818
11455 2819
11457 2820
11460 2821
11462 2822
11467 2823
11472 2824
11484 2825
11485 2826
11489 2827
11495 2828
11502 2829
11504 2830
11506 2831
11507 2832
11509 2833
11519 2834
11522 2835
11523 2836
11526 2837
11528 2838
11532 2839
11533 2840
11540 2841
11542 2842
11544 2843
11552 2844
11561 2845
11563 2846
11570 2847
11571 2848
11584 2849
11586 2850
11589 2851
11597 2852
11598 2853
11605 2854
11609 2855
11614 2856
11626 2857
11632 2858
11636 2859
11637 2860
11641 2861
11649 2862
11654 2863
11656 2864
11659 2865
11666 2866
11692 2867
11697 2868
11701 2869
11702 2870
11712 2871
11715 2872
11721 2873
11724 2874
11728 2875
11729 2876
11733 2877
11736 2878
11738 2879
11740 2880
11746 2881
11747 2882
11750 2883
11753 2884
11755 2885
11756 2886
11757 2887
11762 2888
11763 2889
11764 2890
11767 2891
11771 2892
11772 2893
11779 2894
11781 2895
11784 2896
11787 2897
11793 2898
11796 2899
11800 2900
11803 2901
11806 2902
11808 2903
11810 2904
11816 2905
11819 2906
11822 2907
11823 2908
11825 2909
11826 2910
11828 2911
11832 2912
11833 2913
11837 2914
11845 2915
11848 2916
11850 2917
11854 2918
11856 2919
11857 2920
11861 2921
11863 2922
11866 2923
11868 2924
11869 2925
11870 2926
11879 2927
11881 2928
11884 2929
11894 2930
11900 2931
11904 2932
11906 2933
11923 2934
11924 2935
11926 2936
11930 2937
11934 2938
11937 2939
11943 2940
11948 2941
11954 2942
11955 2943
11956 2944
11960 2945
11962 2946
11970 2947
11973 2948
11980 2949
11981 2950
11985 2951
11986 2952
11987 2953
11988 2954
11990 2955
11991 2956
12003 2957
12004 2958
12012 2959
12021 2960
12024 2961
12028 2962
12029 2963
12036 2964
12037 2965
12043 2966
12044 2967
12048 2968
12050 2969
12053 2970
12059 2971
12067 2972
12070 2973
12077 2974
12082 2975
12087 2976
12088 2977
12092 2978
12093 2979
12098 2980
12104 2981
12105 2982
12108 2983
12125 2984
12130 2985
12131 2986
12136 2987
12141 2988
12142 2989
12147 2990
12151 2991
12155 2992
12157 2993
12159 2994
12163 2995
12169 2996
12172 2997
12179 2998
12180 2999
12184 3000
12185 3001
12190 3002
12197 3003
12199 3004
12204 3005
12205 3006
12210 3007
12216 3008
12217 3009
12224 3010
12225 3011
12226 3012
12228 3013
12229 3014
12232 3015
12236 3016
12241 3017
12242 3018
12243 3019
12251 3020
12252 3021
12253 3022
12259 3023
12262 3024
12265 3025
12270 3026
12282 3027
12285 3028
12286 3029
12288 3030
12290 3031
12293 3032
12294 3033
12298 3034
12299 3035
12301 3036
12303 3037
12309 3038
12322 3039
12327 3040
12329 3041
12331 3042
12335 3043
12336 3044
12342 3045
12343 3046
12344 3047
12347 3048
12353 3049
12356 3050
12359 3051
12360 3052
12369 3053
12378 3054
12393 3055
12398 3056
12403 3057
12407 3058
12409 3059
12418 3060
12420 3061
12422 3062
12423 3063
12427 3064
12428 3065
12433 3066
12441 3067
12443 3068
12446 3069
12448 3070
12449 3071
12451 3072
12452 3073
12454 3074
12455 3075
12458 3076
12460 3077
12464 3078
12473 3079
12475 3080
12480 3081
12481 3082
12485 3083
12486 3084
12489 3085
12492 3086
12496 3087
12498 3088
12499 3089
12502 3090
12503 3091
12504 3092
12506 3093
12513 3094
12533 3095
12535 3096
12539 3097
12541 3098
12545 3099
12549 3100
12550 3101
12551 3102
12552 3103
12560 3104
12568 3105
12569 3106
12573 3107
12577 3108
12581 3109
12582 3110
12583 3111
12587 3112
12593 3113
12598 3114
12604 3115
12605 3116
12608 3117
12609 3118
12611 3119
12622 3120
12623 3121
12626 3122
12630 3123
12639 3124
12644 3125
12646 3126
12651 3127
12653 3128
12659 3129
12666 3130
12669 3131
12675 3132
12677 3133
12680 3134
12684 3135
12694 3136
12697 3137
12698 3138
12699 3139
12707 3140
12715 3141
12717 3142
12722 3143
12726 3144
12727 3145
12729 3146
12733 3147
12734 3148
12735 3149
12741 3150
12742 3151
12743 3152
12750 3153
12751 3154
12762 3155
12763 3156
12767 3157
12770 3158
12774 3159
12779 3160
12793 3161
12794 3162
12803 3163
12812 3164
12816 3165
12831 3166
12836 3167
12843 3168
12858 3169
12861 3170
12862 3171
12868 3172
12873 3173
12874 3174
12875 3175
12876 3176
12879 3177
12885 3178
12901 3179
12907 3180
12911 3181
12913 3182
12921 3183
12922 3184
12928 3185
12929 3186
12935 3187
12936 3188
12943 3189
12947 3190
12948 3191
12951 3192
12953 3193
12958 3194
12962 3195
12964 3196
12966 3197
12968 3198
12969 3199
12974 3200
12984 3201
12987 3202
12991 3203
12996 3204
12997 3205
12999 3206
13001 3207
13005 3208
13007 3209
13008 3210
13009 3211
13010 3212
13011 3213
13013 3214
13020 3215
13022 3216
13023 3217
13024 3218
13032 3219
13037 3220
13040 3221
13042 3222
13045 3223
13046 3224
13049 3225
13051 3226
13054 3227
13056 3228
13058 3229
13065 3230
13072 3231
13074 3232
13080 3233
13087 3234
13088 3235
13094 3236
13095 3237
13096 3238
13100 3239
13107 3240
13115 3241
13121 3242
13122 3243
13125 3244
13126 3245
13128 3246
13130 3247
13132 3248
13133 3249
13134 3250
13137 3251
13141 3252
13145 3253
13152 3254
13158 3255
13160 3256
13163 3257
13181 3258
13185 3259
13189 3260
13193 3261
13200 3262
13204 3263
13213 3264
13214 3265
13218 3266
13219 3267
13230 3268
13236 3269
13241 3270
13244 3271
13248 3272
13251 3273
13252 3274
13257 3275
13263 3276
13272 3277
13275 3278
13280 3279
13284 3280
13285 3281
13287 3282
13298 3283
13304 3284
13306 3285
13310 3286
13316 3287
13317 3288
13320 3289
13333 3290
13338 3291
13340 3292
13342 3293
13356 3294
13357 3295
13369 3296
13370 3297
13373 3298
13377 3299
13379 3300
13380 3301
13382 3302
13386 3303
13390 3304
13394 3305
13397 3306
13406 3307
13408 3308
13409 3309
13411 3310
13416 3311
13418 3312
13426 3313
13428 3314
13434 3315
13436 3316
13447 3317
13460 3318
13461 3319
13463 3320
13464 3321
13470 3322
13476 3323
13478 3324
13487 3325
13488 3326
13490 3327
13491 3328
13492 3329
13500 3330
13502 3331
13507 3332
13510 3333
13511 3334
13513 3335
13514 3336
13521 3337
13522 3338
13524 3339
13530 3340
13531 3341
13535 3342
13536 3343
13540 3344
13541 3345
13543 3346
13551 3347
13559 3348
13563 3349
13565 3350
13566 3351
13571 3352
13573 3353
13580 3354
13581 3355
13586 3356
13594 3357
13595 3358
13596 3359
13604 3360
13612 3361
13614 3362
13615 3363
13619 3364
13624 3365
13626 3366
13629 3367
13630 3368
13631 3369
13632 3370
13637 3371
13639 3372
13642 3373
13648 3374
13649 3375
13650 3376
13656 3377
13679 3378
13683 3379
13686 3380
13693 3381
13701 3382
13704 3383
13706 3384
13715 3385
13717 3386
13718 3387
13722 3388
13724 3389
13730 3390
13732 3391
13733 3392
13737 3393
13741 3394
13746 3395
13749 3396
13751 3397
13755 3398
13756 3399
13757 3400
13764 3401
13767 3402
13770 3403
13774 3404
13777 3405
13778 3406
13784 3407
13790 3408
13791 3409
13794 3410
13798 3411
13812 3412
13813 3413
13819 3414
13822 3415
13824 3416
13825 3417
13833 3418
13835 3419
13838 3420
13840 3421
13848 3422
13858 3423
13861 3424
13862 3425
13865 3426
13866 3427
13869 3428
13873 3429
13874 3430
13879 3431
13883 3432
13887 3433
13891 3434
13894 3435
13897 3436
13900 3437
13903 3438
13910 3439
13930 3440
13931 3441
13942 3442
13959 3443
13961 3444
13962 3445
13968 3446
13971 3447
13980 3448
13983 3449
13984 3450
13994 3451
13998 3452
14011 3453
14014 3454
14018 3455
14030 3456
14034 3457
14037 3458
14038 3459
14041 3460
14044 3461
14051 3462
14056 3463
14058 3464
14061 3465
14065 3466
14066 3467
14068 3468
14070 3469
14075 3470
14078 3471
14083 3472
14086 3473
14087 3474
14092 3475
14096 3476
14104 3477
14105 3478
14109 3479
14110 3480
14111 3481
14112 3482
14120 3483
14122 3484
14124 3485
14132 3486
14133 3487
14139 3488
14150 3489
14151 3490
14153 3491
14156 3492
14160 3493
14162 3494
14176 3495
14182 3496
14183 3497
14189 3498
14193 3499
14205 3500
14210 3501
14211 3502
14218 3503
14220 3504
14226 3505
14227 3506
14231 3507
14237 3508
14239 3509
14243 3510
14246 3511
14252 3512
14253 3513
14261 3514
14266 3515
14270 3516
14272 3517
14276 3518
14281 3519
14283 3520
14288 3521
14290 3522
14294 3523
14299 3524
14310 3525
14315 3526
14318 3527
14322 3528
14323 3529
14335 3530
14336 3531
14341 3532
14343 3533
14344 3534
14355 3535
14356 3536
14357 3537
14358 3538
14359 3539
14366 3540
14367 3541
14375 3542
14383 3543
14384 3544
14387 3545
14390 3546
14398 3547
14404 3548
14409 3549
14410 3550
14413 3551
14414 3552
14421 3553
14425 3554
14427 3555
14433 3556
14437 3557
14440 3558
14444 3559
14451 3560
14460 3561
14462 3562
14474 3563
14476 3564
14478 3565
14484 3566
14488 3567
14490 3568
14495 3569
14496 3570
14502 3571
14507 3572
14508 3573
14514 3574
14516 3575
14518 3576
14519 3577
14520 3578
14521 3579
14528 3580
14530 3581
14534 3582
14538 3583
14544 3584
14545 3585
14547 3586
14555 3587
14559 3588
14571 3589
14573 3590
14576 3591
14578 3592
14583 3593
14585 3594
14593 3595
14597 3596
14600 3597
14601 3598
14603 3599
14607 3600
14611 3601
14614 3602
14617 3603
14621 3604
14623 3605
14628 3606
14632 3607
14634 3608
14635 3609
14638 3610
14639 3611
14645 3612
14649 3613
14651 3614
14663 3615
14683 3616
14685 3617
14689 3618
14697 3619
14699 3620
14700 3621
14706 3622
14707 3623
14709 3624
14710 3625
14714 3626
14715 3627
14719 3628
14723 3629
14725 3630
14731 3631
14732 3632
14736 3633
14738 3634
14740 3635
14743 3636
14744 3637
14747 3638
14755 3639
14757 3640
14762 3641
14763 3642
14766 3643
14769 3644
14771 3645
14778 3646
14782 3647
14787 3648
14794 3649
14796 3650
14808 3651
14810 3652
14811 3653
14812 3654
14817 3655
14824 3656
14825 3657
14828 3658
14830 3659
14835 3660
14836 3661
14838 3662
14856 3663
14857 3664
14858 3665
14859 3666
14860 3667
14861 3668
14864 3669
14865 3670
14867 3671
14868 3672
14877 3673
14879 3674
14888 3675
14891 3676
14897 3677
14899 3678
14900 3679
14901 3680
14902 3681
14903 3682
14908 3683
14909 3684
14915 3685
14920 3686
14923 3687
14939 3688
14942 3689
14949 3690
14956 3691
14957 3692
14959 3693
14960 3694
14966 3695
14967 3696
14968 3697
14969 3698
14972 3699
14974 3700
14976 3701
14978 3702
14981 3703
14982 3704
14985 3705
14987 3706
14993 3707
14997 3708
15003 3709
15009 3710
15012 3711
15017 3712
15022 3713
15031 3714
15035 3715
15037 3716
15040 3717
15043 3718
15047 3719
15054 3720
15059 3721
15062 3722
15064 3723
15065 3724
15075 3725
15076 3726
15083 3727
15085 3728
15093 3729
15096 3730
15100 3731
15105 3732
15110 3733
15114 3734
15120 3735
15126 3736
15128 3737
15130 3738
15138 3739
15140 3740
15147 3741
15151 3742
15159 3743
15162 3744
15166 3745
15171 3746
15172 3747
15173 3748
15182 3749
15194 3750
15196 3751
15201 3752
15202 3753
15211 3754
15213 3755
15218 3756
15222 3757
15224 3758
15225 3759
15227 3760
15232 3761
15236 3762
15238 3763
15239 3764
15240 3765
15245 3766
15250 3767
15264 3768
15267 3769
15270 3770
15271 3771
15278 3772
15280 3773
15285 3774
15292 3775
15296 3776
15303 3777
15308 3778
15315 3779
15336 3780
15337 3781
15346 3782
15348 3783
15358 3784
15365 3785
15368 3786
15371 3787
15374 3788
15377 3789
15381 3790
15384 3791
15390 3792
15398 3793
15401 3794
15405 3795
15411 3796
15417 3797
15418 3798
15420 3799
15423 3800
15426 3801
15428 3802
15431 3803
15434 3804
15445 3805
15447 3806
15449 3807
15453 3808
15455 3809
15456 3810
15458 3811
15468 3812
15469 3813
15473 3814
15479 3815
15481 3816
15488 3817
15493 3818
15498 3819
15500 3820
15503 3821
15505 3822
15507 3823
15512 3824
15516 3825
15517 3826
15523 3827
15531 3828
15535 3829
15540 3830
15545 3831
15551 3832
15554 3833
15559 3834
15560 3835
15561 3836
15569 3837
15571 3838
15573 3839
15574 3840
15581 3841
15585 3842
15587 3843
15588 3844
15592 3845
15593 3846
15597 3847
15600 3848
15602 3849
15605 3850
15606 3851
15615 3852
15623 3853
15624 3854
15629 3855
15632 3856
15634 3857
15643 3858
15645 3859
15653 3860
15654 3861
15662 3862
15669 3863
15671 3864
15673 3865
15675 3866
15680 3867
15684 3868
15686 3869
15689 3870
15693 3871
15695 3872
15696 3873
15698 3874
15703 3875
15708 3876
15711 3877
15718 3878
15722 3879
15727 3880
15739 3881
15740 3882
15743 3883
15747 3884
15750 3885
15758 3886
15768 3887
15773 3888
15778 3889
15782 3890
15783 3891
15785 3892
15789 3893
15791 3894
15793 3895
15797 3896
15798 3897
15800 3898
15802 3899
15803 3900
15809 3901
15810 3902
15811 3903
15816 3904
15818 3905
15819 3906
15824 3907
15825 3908
15829 3909
15833 3910
15843 3911
15847 3912
15851 3913
15865 3914
15866 3915
15867 3916
15870 3917
15874 3918
15879 3919
15881 3920
15883 3921
15902 3922
15903 3923
15904 3924
15906 3925
15911 3926
15913 3927
15914 3928
15920 3929
15924 3930
15934 3931
15945 3932
15947 3933
15951 3934
15953 3935
15957 3936
15964 3937
15974 3938
15976 3939
15977 3940
15979 3941
15985 3942
15986 3943
15989 3944
15992 3945
15994 3946
15998 3947
15999 3948
16001 3949
16008 3950
16009 3951
16010 3952
16011 3953
16013 3954
16016 3955
16017 3956
16023 3957
16026 3958
16034 3959
16038 3960
16039 3961
16042 3962
16044 3963
16051 3964
16053 3965
16059 3966
16062 3967
16065 3968
16070 3969
16074 3970
16075 3971
16076 3972
16082 3973
16083 3974
16085 3975
16087 3976
16089 3977
16095 3978
16102 3979
16109 3980
16110 3981
16112 3982
16113 3983
16119 3984
16121 3985
16122 3986
16129 3987
16133 3988
16135 3989
16142 3990
16143 3991
16157 3992
16158 3993
16166 3994
16171 3995
16173 3996
16180 3997
16184 3998
16188 3999
16190 4000
16191 4001
16197 4002
16199 4003
16210 4004
16216 4005
16219 4006
16230 4007
16232 4008
16235 4009
16240 4010
16246 4011
16247 4012
16257 4013
16258 4014
16259 4015
16264 4016
16266 4017
16276 4018
16294 4019
16297 4020
16298 4021
16302 4022
16303 4023
16307 4024
16309 4025
16319 4026
16327 4027
16330 4028
16331 4029
16333 4030
16334 4031
16343 4032
16345 4033
16347 4034
16351 4035
16352 4036
16358 4037
16361 4038
16370 4039
16371 4040
16378 4041
16379 4042
16381 4043
16386 4044
16392 4045
16399 4046
16403 4047
16409 4048
16418 4049
16420 4050
16428 4051
16442 4052
16443 4053
16444 4054
16449 4055
16450 4056
16452 4057
16455 4058
16456 4059
16459 4060
16462 4061
16465 4062
16466 4063
16468 4064
16476 4065
16477 4066
16479 4067
16487 4068
16493 4069
16509 4070
16511 4071
16518 4072
16521 4073
16522 4074
16523 4075
16526 4076
16533 4077
16535 4078
16537 4079
16538 4080
16540 4081
16551 4082
16552 4083
16559 4084
16561 4085
16562 4086
16563 4087
16565 4088
16566 4089
16571 4090
16576 4091
16579 4092
16588 4093
16600 4094
16606 4095
16611 4096
16615 4097
16617 4098
16619 4099
16623 4100
16624 4101
16626 4102
16633 4103
16635 4104
16637 4105
16640 4106
16654 4107
16657 4108
16662 4109
16670 4110
16673 4111
16674 4112
16682 4113
16692 4114
16696 4115
16702 4116
16710 4117
16723 4118
16725 4119
16726 4120
16727 4121
16729 4122
16733 4123
16737 4124
16738 4125
16741 4126
16748 4127
16750 4128
16753 4129
16754 4130
16758 4131
16761 4132
16763 4133
16767 4134
16786 4135
16788 4136
16791 4137
16795 4138
16798 4139
16803 4140
16812 4141
16817 4142
16818 4143
16819 4144
16821 4145
16825 4146
16837 4147
16839 4148
16847 4149
16852 4150
16856 4151
16860 4152
16862 4153
16866 4154
16874 4155
16884 4156
16887 4157
16888 4158
16890 4159
16892 4160
16895 4161
16900 4162
16902 4163
16905 4164
16908 4165
16920 4166
16924 4167
16928 4168
16929 4169
16930 4170
16935 4171
16936 4172
16941 4173
16948 4174
16950 4175
16952 4176
16959 4177
16961 4178
16965 4179
16970 4180
16972 4181
16977 4182
16978 4183
16980 4184
16988 4185
16996 4186
16999 4187
17003 4188
17005 4189
17009 4190
17015 4191
17017 4192
17021 4193
17022 4194
17029 4195
17031 4196
17036 4197
17048 4198
17049 4199
17050 4200
17059 4201
17060 4202
17069 4203
17070 4204
17072 4205
17075 4206
17076 4207
17080 4208
17081 4209
17084 4210
17086 4211
17096 4212
17104 4213
17106 4214
17122 4215
17123 4216
17128 4217
17129 4218
17130 4219
17137 4220
17141 4221
17142 4222
17144 4223
17148 4224
17152 4225
17153 4226
17165 4227
17168 4228
17169 4229
17172 4230
17174 4231
17178 4232
17179 4233
17180 4234
17182 4235
17183 4236
17185 4237
17191 4238
17197 4239
17216 4240
17218 4241
17219 4242
17225 4243
17227 4244
17229 4245
17230 4246
17234 4247
17237 4248
17238 4249
17242 4250
17245 4251
17248 4252
17250 4253
17253 4254
17260 4255
17266 4256
17283 4257
17290 4258
17292 4259
17294 4260
17306 4261
17307 4262
17310 4263
17329 4264
17332 4265
17334 4266
17338 4267
17347 4268
17348 4269
17349 4270
17360 4271
17361 4272
17366 4273
17378 4274
17382 4275
17383 4276
17385 4277
17386 4278
17394 4279
17397 4280
17400 4281
17401 4282
17403 4283
17404 4284
17405 4285
17413 4286
17421 4287
17430 4288
17439 4289
17441 4290
17443 4291
17451 4292
17455 4293
17456 4294
17469 4295
17472 4296
17480 4297
17481 4298
17485 4299
17486 4300
17487 4301
17490 4302
17491 4303
17494 4304
17497 4305
17498 4306
17502 4307
17510 4308
17512 4309
17518 4310
17522 4311
17525 4312
17529 4313
17534 4314
17535 4315
17547 4316
17551 4317
17552 4318
17555 4319
17559 4320
17561 4321
17565 4322
17567 4323
17570 4324
17571 4325
17573 4326
17575 4327
17576 4328
17582 4329
17585 4330
17586 4331
17592 4332
17593 4333
17595 4334
17597 4335
17601 4336
17604 4337
17608 4338
17613 4339
17614 4340
17616 4341
17617 4342
17621 4343
17626 4344
17628 4345
17634 4346
17636 4347
17643 4348
17648 4349
17649 4350
17654 4351
17660 4352
17661 4353
17669 4354
17671 4355
17674 4356
17675 4357
17683 4358
17684 4359
17686 4360
17687 4361
17692 4362
17694 4363
17698 4364
17699 4365
17701 4366
17702 4367
17713 4368
17719 4369
17728 4370
17732 4371
17733 4372
17742 4373
17743 4374
17745 4375
17747 4376
17761 4377
17764 4378
17765 4379
17766 4380
17776 4381
17779 4382
17780 4383
17784 4384
17794 4385
17795 4386
17796 4387
17799 4388
17800 4389
17802 4390
17807 4391
17808 4392
17813 4393
17814 4394
17816 4395
17828 4396
17829 4397
17837 4398
17840 4399
17841 4400
17842 4401
17844 4402
17856 4403
17870 4404
17874 4405
17877 4406
17879 4407
17882 4408
17891 4409
17892 4410
17895 4411
17900 4412
17902 4413
17903 4414
17909 4415
17910 4416
17911 4417
17925 4418
17933 4419
17934 4420
17941 4421
17945 4422
17946 4423
17950 4424
17952 4425
17954 4426
17961 4427
17963 4428
17968 4429
17971 4430
17974 4431
17975 4432
17983 4433
17984 4434
17992 4435
17996 4436
17997 4437
18008 4438
18009 4439
18011 4440
18013 4441
18015 4442
18017 4443
18021 4444
18022 4445
18025 4446
18026 4447
18027 4448
18030 4449
18033 4450
18035 4451
18038 4452
18041 4453
18043 4454
18044 4455
18049 4456
18063 4457
18065 4458
18066 4459
18070 4460
18074 4461
18076 4462
18077 4463
18084 4464
18085 4465
18087 4466
18089 4467
18090 4468
18091 4469
18092 4470
18096 4471
18105 4472
18110 4473
18116 4474
18121 4475
18123 4476
18128 4477
18130 4478
18132 4479
18133 4480
18136 4481
18137 4482
18139 4483
18140 4484
18142 4485
18150 4486
18154 4487
18157 4488
18158 4489
18160 4490
18163 4491
18166 4492
18170 4493
18171 4494
18173 4495
18177 4496
18183 4497
18188 4498
18192 4499
18197 4500
18211 4501
18212 4502
18214 4503
18217 4504
18227 4505
18229 4506
18230 4507
18231 4508
18238 4509
18242 4510
18243 4511
18250 4512
18251 4513
18256 4514
18261 4515
18262 4516
18265 4517
18267 4518
18270 4519
18279 4520
18283 4521
18284 4522
18285 4523
18286 4524
18287 4525
18289 4526
18292 4527
18295 4528
18296 4529
18298 4530
18305 4531
18308 4532
18310 4533
18312 4534
18314 4535
18318 4536
18320 4537
18321 4538
18327 4539
18334 4540
18345 4541
18346 4542
18355 4543
18361 4544
18366 4545
18368 4546
18379 4547
18381 4548
18388 4549
18390 4550
18391 4551
18393 4552
18394 4553
18396 4554
18397 4555
18401 4556
18402 4557
18404 4558
18405 4559
18409 4560
18411 4561
18414 4562
18416 4563
18420 4564
18424 4565
18426 4566
18428 4567
18432 4568
18438 4569
18443 4570
18445 4571
18448 4572
18451 4573
18453 4574
18455 4575
18457 4576
18465 4577
18468 4578
18472 4579
18474 4580
18476 4581
18478 4582
18479 4583
18480 4584
18486 4585
18489 4586
18493 4587
18497 4588
18500 4589
18503 4590
18511 4591
18513 4592
18514 4593
18521 4594
18526 4595
18531 4596
18532 4597
18535 4598
18540 4599
18541 4600
18544 4601
18551 4602
18557 4603
18558 4604
18566 4605
18569 4606
18572 4607
18574 4608
18575 4609
18585 4610
18587 4611
18589 4612
18591 4613
18595 4614
18598 4615
18600 4616
18605 4617
18606 4618
18610 4619
18624 4620
18632 4621
18634 4622
18643 4623
18647 4624
18648 4625
18651 4626
18658 4627
18667 4628
18670 4629
18672 4630
18678 4631
18680 4632
18683 4633
18686 4634
18691 4635
18693 4636
18698 4637
18699 4638
18710 4639
18711 4640
18717 4641
18721 4642
18723 4643
18724 4644
18726 4645
18728 4646
18730 4647
18731 4648
18732 4649
18735 4650
18736 4651
18740 4652
18741 4653
18744 4654
18747 4655
18751 4656
18752 4657
18761 4658
18765 4659
18766 4660
18767 4661
18770 4662
18772 4663
18777 4664
18789 4665
18791 4666
18792 4667
18799 4668
18805 4669
18806 4670
18810 4671
18812 4672
18813 4673
18825 4674
18835 4675
18838 4676
18840 4677
18843 4678
18848 4679
18849 4680
18863 4681
18864 4682
18866 4683
18867 4684
18870 4685
18877 4686
18878 4687
18881 4688
18882 4689
18883 4690
18892 4691
18893 4692
18895 4693
18896 4694
18899 4695
18902 4696
18907 4697
18918 4698
18921 4699
18922 4700
18927 4701
18928 4702
18929 4703
18937 4704
18939 4705
18941 4706
18950 4707
18955 4708
18958 4709
18960 4710
18962 4711
18969 4712
18970 4713
18977 4714
18978 4715
18988 4716
18991 4717
19002 4718
19004 4719
19015 4720
19016 4721
19022 4722
19024 4723
19026 4724
19030 4725
19038 4726
19040 4727
19056 4728
19067 4729
19069 4730
19076 4731
19078 4732
19081 4733
19086 4734
19087 4735
19092 4736
19093 4737
19095 4738
19097 4739
19101 4740
19104 4741
19108 4742
19115 4743
19120 4744
19121 4745
19122 4746
19125 4747
19126 4748
19136 4749
19137 4750
19139 4751
19142 4752
19152 4753
19154 4754
19155 4755
19159 4756
19173 4757
19180 4758
19181 4759
19187 4760
19189 4761
19197 4762
19202 4763
19204 4764
19205 4765
19214 4766
19216 4767
19217 4768
19222 4769
19229 4770
19230 4771
19232 4772
19234 4773
19235 4774
19238 4775
19245 4776
19246 4777
19253 4778
19257 4779
19260 4780
19265 4781
19277 4782
19280 4783
19282 4784
19284 4785
19286 4786
19289 4787
19294 4788
19295 4789
19296 4790
19298 4791
19301 4792
19309 4793
19310 4794
19319 4795
19320 4796
19323 4797
19324 4798
19326 4799
19334 4800
19338 4801
19339 4802
19342 4803
19349 4804
19352 4805
19357 4806
19359 4807
19360 4808
19379 4809
19384 4810
19387 4811
19388 4812
19392 4813
19395 4814
19401 4815
19405 4816
19406 4817
19410 4818
19414 4819
19415 4820
19435 4821
19453 4822
19455 4823
19456 4824
19457 4825
19458 4826
19461 4827
19462 4828
19465 4829
19466 4830
19477 4831
19481 4832
19498 4833
19501 4834
19504 4835
19511 4836
19516 4837
19521 4838
19523 4839
19526 4840
19529 4841
19533 4842
19534 4843
19536 4844
19537 4845
19541 4846
19543 4847
19547 4848
19548 4849
19551 4850
19553 4851
19555 4852
19557 4853
19558 4854
19559 4855
19560 4856
19561 4857
19562 4858
19566 4859
19567 4860
19570 4861
19575 4862
19577 4863
19579 4864
19581 4865
19588 4866
19591 4867
19592 4868
19593 4869
19596 4870
19604 4871
19617 4872
19626 4873
19638 4874
19639 4875
19640 4876
19644 4877
19654 4878
19658 4879
19659 4880
19661 4881
19667 4882
19668 4883
19674 4884
19678 4885
19688 4886
19693 4887
19698 4888
19715 4889
19726 4890
19727 4891
19736 4892
19739 4893
19741 4894
19743 4895
19746 4896
19749 4897
19751 4898
19756 4899
19766 4900
19767 4901
19769 4902
19771 4903
19774 4904
19782 4905
19798 4906
19805 4907
19813 4908
19819 4909
19823 4910
19824 4911
19827 4912
19829 4913
19830 4914
19837 4915
19838 4916
19841 4917
19843 4918
19845 4919
19848 4920
19853 4921
19855 4922
19862 4923
19864 4924
19865 4925
19867 4926
19869 4927
19870 4928
19874 4929
19875 4930
19876 4931
19877 4932
19879 4933
19887 4934
19892 4935
19898 4936
19900 4937
19908 4938
19909 4939
19932 4940
19934 4941
19936 4942
19944 4943
19950 4944
19951 4945
19954 4946
19955 4947
19956 4948
19957 4949
19960 4950
19971 4951
19976 4952
19982 4953
19990 4954
19991 4955
19997 4956
19998 4957
19999 4958
20007 4959
20016 4960
20019 4961
20022 4962
20030 4963
20031 4964
20032 4965
20033 4966
20036 4967
20043 4968
20049 4969
20050 4970
20052 4971
20063 4972
20064 4973
20075 4974
20076 4975
20079 4976
20083 4977
20088 4978
20089 4979
20093 4980
20105 4981
20107 4982
20108 4983
20109 4984
20110 4985
20113 4986
20115 4987
20118 4988
20120 4989
20123 4990
20133 4991
20135 4992
20140 4993
20144 4994
20146 4995
20147 4996
20149 4997
20152 4998
20155 4999
20158 5000
20163 5001
20164 5002
20169 5003
20172 5004
20173 5005
20174 5006
20182 5007
20184 5008
20186 5009
20187 5010
20188 5011
20190 5012
20196 5013
20201 5014
20202 5015
20207 5016
20214 5017
20215 5018
20217 5019
20229 5020
20232 5021
20240 5022
20241 5023
20245 5024
20251 5025
20253 5026
20254 5027
20258 5028
20259 5029
20262 5030
20264 5031
20267 5032
20270 5033
20271 5034
20285 5035
20289 5036
20291 5037
20295 5038
20296 5039
20300 5040
20301 5041
20306 5042
20307 5043
20308 5044
20322 5045
20325 5046
20334 5047
20337 5048
20338 5049
20345 5050
20349 5051
20353 5052
20354 5053
20359 5054
20372 5055
20375 5056
20390 5057
20402 5058
20405 5059
20406 5060
20407 5061
20408 5062
20416 5063
20418 5064
20419 5065
20421 5066
20422 5067
20434 5068
20446 5069
20452 5070
20457 5071
20462 5072
20464 5073
20471 5074
20480 5075
20481 5076
20482 5077
20484 5078
20489 5079
20490 5080
20492 5081
20493 5082
20496 5083
20499 5084
20512 5085
20518 5086
20528 5087
20533 5088
20535 5089
20537 5090
20538 5091
20543 5092
20550 5093
20552 5094
20553 5095
20560 5096
20562 5097
20572 5098
20576 5099
20580 5100
20586 5101
20597 5102
20599 5103
20611 5104
20616 5105
20619 5106
20625 5107
20627 5108
20628 5109
20635 5110
20636 5111
20639 5112
20644 5113
20650 5114
20653 5115
20654 5116
20665 5117
20666 5118
20668 5119
20672 5120
20677 5121
20678 5122
20679 5123
20681 5124
20685 5125
20689 5126
20697 5127
20699 5128
20700 5129
20707 5130
20715 5131
20722 5132
20728 5133
20734 5134
20738 5135
20739 5136
20740 5137
20744 5138
20747 5139
20749 5140
20750 5141
20753 5142
20758 5143
20760 5144
20762 5145
20763 5146
20766 5147
20767 5148
20771 5149
20776 5150
20778 5151
20782 5152
20784 5153
20787 5154
20791 5155
20800 5156
20802 5157
20806 5158
20809 5159
20817 5160
20820 5161
20821 5162
20824 5163
20826 5164
20829 5165
20830 5166
20835 5167
20836 5168
20838 5169
20846 5170
20860 5171
20864 5172
20869 5173
20876 5174
20880 5175
20890 5176
20893 5177
20894 5178
20896 5179
20897 5180
20901 5181
20902 5182
20904 5183
20906 5184
20908 5185
20911 5186
20912 5187
20916 5188
20923 5189
20926 5190
20929 5191
20936 5192
20937 5193
20938 5194
20942 5195
20947 5196
20952 5197
20954 5198
20956 5199
20959 5200
20964 5201
20971 5202
20976 5203
20981 5204
20982 5205
20987 5206
20989 5207
20990 5208
20991 5209
20998 5210
21001 5211
21003 5212
21010 5213
21014 5214
21017 5215
21018 5216
21019 5217
21020 5218
21021 5219
21023 5220
21027 5221
21028 5222
21030 5223
21032 5224
21034 5225
21045 5226
21048 5227
21058 5228
21059 5229
21061 5230
21063 5231
21064 5232
21069 5233
21074 5234
21079 5235
21080 5236
21082 5237
21085 5238
21113 5239
21121 5240
21122 5241
21123 5242
21124 5243
21125 5244
21129 5245
21132 5246
21136 5247
21140 5248
21143 5249
21149 5250
21151 5251
21153 5252
21164 5253
21165 5254
21167 5255
21168 5256
21172 5257
21173 5258
21174 5259
21179 5260
21186 5261
21191 5262
21192 5263
21197 5264
21200 5265
21204 5266
21207 5267
21209 5268
21210 5269
21212 5270
21213 5271
21218 5272
21221 5273
21222 5274
21224 5275
21231 5276
21232 5277
21234 5278
21243 5279
21248 5280
21250 5281
21257 5282
21261 5283
21263 5284
21270 5285
21272 5286
21274 5287
21276 5288
21284 5289
21293 5290
21294 5291
21295 5292
21297 5293
21299 5294
21302 5295
21303 5296
21314 5297
21316 5298
21329 5299
21330 5300
21333 5301
21336 5302
21347 5303
21348 5304
21349 5305
21350 5306
21351 5307
21356 5308
21359 5309
21365 5310
21369 5311
21372 5312
21374 5313
21390 5314
21393 5315
21397 5316
21399 5317
21408 5318
21409 5319
21412 5320
21415 5321
21416 5322
21418 5323
21419 5324
21421 5325
21427 5326
21429 5327
21438 5328
21444 5329
21448 5330
21449 5331
21450 5332
21453 5333
21455 5334
21456 5335
21457 5336
21460 5337
21462 5338
21463 5339
21476 5340
21477 5341
21478 5342
21479 5343
21482 5344
21486 5345
21487 5346
21492 5347
21494 5348
21497 5349
21499 5350
21501 5351
21514 5352
21519 5353
21524 5354
21531 5355
21534 5356
21538 5357
21539 5358
21540 5359
21545 5360
21546 5361
21548 5362
21550 5363
21555 5364
21558 5365
21563 5366
21564 5367
21568 5368
21570 5369
21574 5370
21576 5371
21583 5372
21585 5373
21589 5374
21590 5375
21591 5376
21593 5377
21600 5378
21603 5379
21606 5380
21607 5381
21615 5382
21618 5383
21624 5384
21627 5385
21633 5386
21640 5387
21644 5388
21646 5389
21648 5390
21650 5391
21657 5392
21660 5393
21661 5394
21663 5395
21665 5396
21668 5397
21676 5398
21681 5399
21683 5400
21684 5401
21685 5402
21688 5403
21690 5404
21691 5405
21693 5406
21696 5407
21699 5408
21704 5409
21706 5410
21708 5411
21711 5412
21714 5413
21717 5414
21725 5415
21736 5416
21737 5417
21739 5418
21743 5419
21745 5420
21747 5421
21748 5422
21753 5423
21756 5424
21761 5425
21762 5426
21765 5427
21770 5428
21774 5429
21780 5430
21788 5431
21794 5432
21798 5433
21801 5434
21808 5435
21823 5436
21826 5437
21846 5438
21848 5439
21851 5440
21852 5441
21854 5442
21860 5443
21861 5444
21871 5445
21875 5446
21882 5447
21883 5448
21884 5449
21890 5450
21893 5451
21895 5452
21896 5453
21908 5454
21917 5455
21919 5456
21921 5457
21922 5458
21930 5459
21936 5460
21943 5461
21945 5462
21949 5463
21951 5464
21954 5465
21955 5466
21958 5467
21960 5468
21962 5469
21965 5470
21969 5471
21970 5472
21975 5473
21977 5474
21986 5475
21993 5476
21997 5477
21998 5478
22002 5479
22008 5480
22009 5481
22015 5482
22020 5483
22023 5484
22024 5485
22029 5486
22031 5487
22032 5488
22037 5489
22045 5490
22046 5491
22047 5492
22052 5493
22059 5494
22062 5495
22063 5496
22064 5497
22069 5498
22072 5499
22073 5500
22074 5501
22075 5502
22079 5503
22084 5504
22086 5505
22089 5506
22093 5507
22095 5508
22097 5509
22098 5510
22101 5511
22113 5512
22117 5513
22125 5514
22135 5515
22138 5516
22145 5517
22146 5518
22158 5519
22160 5520
22161 5521
22163 5522
22171 5523
22174 5524
22175 5525
22176 5526
22181 5527
22185 5528
22188 5529
22189 5530
22190 5531
22193 5532
22194 5533
22195 5534
22199 5535
22201 5536
22203 5537
22206 5538
22208 5539
22214 5540
22219 5541
22223 5542
22226 5543
22229 5544
22232 5545
22235 5546
22241 5547
22246 5548
22251 5549
22254 5550
22259 5551
22262 5552
22266 5553
22267 5554
22268 5555
22272 5556
22281 5557
22285 5558
22291 5559
22293 5560
22295 5561
22298 5562
22302 5563
22305 5564
22306 5565
22307 5566
22308 5567
22310 5568
22316 5569
22319 5570
22320 5571
22321 5572
22329 5573
22334 5574
22338 5575
22341 5576
22345 5577
22349 5578
22354 5579
22365 5580
22369 5581
22371 5582
22378 5583
22384 5584
22387 5585
22393 5586
22398 5587
22414 5588
22418 5589
22421 5590
22425 5591
22426 5592
22427 5593
22428 5594
22431 5595
22433 5596
22434 5597
22435 5598
22436 5599
22441 5600
22445 5601
22450 5602
22456 5603
22459 5604
22465 5605
22468 5606
22470 5607
22472 5608
22474 5609
22477 5610
22479 5611
22480 5612
22481 5613
22482 5614
22488 5615
22489 5616
22493 5617
22497 5618
22498 5619
22504 5620
22505 5621
22506 5622
22513 5623
22516 5624
22524 5625
22527 5626
22532 5627
22533 5628
22536 5629
22545 5630
22549 5631
22551 5632
22552 5633
22557 5634
22560 5635
22563 5636
22564 5637
22566 5638
22572 5639
22581 5640
22584 5641
22585 5642
22587 5643
22589 5644
22597 5645
22601 5646
22602 5647
22605 5648
22606 5649
22615 5650
22617 5651
22619 5652
22620 5653
22624 5654
22625 5655
22626 5656
22627 5657
22629 5658
22630 5659
22634 5660
22643 5661
22665 5662
22668 5663
22669 5664
22677 5665
22684 5666
22692 5667
22698 5668
22700 5669
22702 5670
22703 5671
22706 5672
22713 5673
22718 5674
22722 5675
22723 5676
22725 5677
22726 5678
22729 5679
22730 5680
22738 5681
22739 5682
22740 5683
22741 5684
22742 5685
22747 5686
22751 5687
22764 5688
22772 5689
22776 5690
22780 5691
22783 5692
22786 5693
22790 5694
22793 5695
22794 5696
22803 5697
22808 5698
22810 5699
22812 5700
22816 5701
22818 5702
22821 5703
22822 5704
22825 5705
22829 5706
22831 5707
22835 5708
22841 5709
22845 5710
22846 5711
22847 5712
22848 5713
22852 5714
22855 5715
22859 5716
22860 5717
22867 5718
22876 5719
22880 5720
22886 5721
22887 5722
22894 5723
22913 5724
22915 5725
22919 5726
22920 5727
22928 5728
22934 5729
22938 5730
22944 5731
22946 5732
22950 5733
22951 5734
22954 5735
22955 5736
22956 5737
22960 5738
22961 5739
22964 5740
22965 5741
22966 5742
22972 5743
22976 5744
22979 5745
22981 5746
22984 5747
22986 5748
22991 5749
22995 5750
22996 5751
22997 5752
22998 5753
23001 5754
23003 5755
23006 5756
23007 5757
23026 5758
23027 5759
23030 5760
23031 5761
23035 5762
23039 5763
23045 5764
23050 5765
23053 5766
23054 5767
23056 5768
23057 5769
23058 5770
23060 5771
23061 5772
23065 5773
23069 5774
23070 5775
23085 5776
23086 5777
23087 5778
23089 5779
23091 5780
23092 5781
23094 5782
23098 5783
23101 5784
23108 5785
23114 5786
23117 5787
23119 5788
23123 5789
23126 5790
23133 5791
23137 5792
23147 5793
23154 5794
23160 5795
23165 5796
23172 5797
23173 5798
23177 5799
23180 5800
23185 5801
23187 5802
23189 5803
23194 5804
23196 5805
23200 5806
23202 5807
23211 5808
23223 5809
23225 5810
23227 5811
23231 5812
23237 5813
23239 5814
23243 5815
23244 5816
23248 5817
23250 5818
23251 5819
23255 5820
23258 5821
23269 5822
23276 5823
23277 5824
23278 5825
23289 5826
23290 5827
23301 5828
23303 5829
23310 5830
23311 5831
23319 5832
23320 5833
23323 5834
23324 5835
23325 5836
23326 5837
23335 5838
23337 5839
23341 5840
23343 5841
23351 5842
23354 5843
23355 5844
23361 5845
23366 5846
23367 5847
23375 5848
23380 5849
23381 5850
23382 5851
23397 5852
23400 5853
23406 5854
23408 5855
23419 5856
23424 5857
23429 5858
23435 5859
23436 5860
23451 5861
23459 5862
23462 5863
23463 5864
23468 5865
23481 5866
23483 5867
23487 5868
23489 5869
23490 5870
23491 5871
23492 5872
23506 5873
23511 5874
23514 5875
23516 5876
23524 5877
23535 5878
23538 5879
23539 5880
23540 5881
23545 5882
23546 5883
23547 5884
23550 5885
23552 5886
23555 5887
23559 5888
23563 5889
23568 5890
23569 5891
23574 5892
23579 5893
23582 5894
23584 5895
23590 5896
23593 5897
23595 5898
23602 5899
23603 5900
23606 5901
23611 5902
23613 5903
23616 5904
23618 5905
23620 5906
23622 5907
23623 5908
23627 5909
23629 5910
23631 5911
23632 5912
23635 5913
23638 5914
23644 5915
23645 5916
23647 5917
23658 5918
23659 5919
23661 5920
23664 5921
23672 5922
23673 5923
23684 5924
23687 5925
23695 5926
23700 5927
23702 5928
23709 5929
23710 5930
23715 5931
23716 5932
23723 5933
23729 5934
23731 5935
23734 5936
23738 5937
23743 5938
23745 5939
23751 5940
23753 5941
23757 5942
23762 5943
23767 5944
23786 5945
23789 5946
23791 5947
23803 5948
23807 5949
23809 5950
23810 5951
23811 5952
23816 5953
23825 5954
23827 5955
23829 5956
23830 5957
23831 5958
23834 5959
23835 5960
23838 5961
23849 5962
23850 5963
23856 5964
23859 5965
23862 5966
23872 5967
23881 5968
23882 5969
23890 5970
23892 5971
23897 5972
23907 5973
23910 5974
23911 5975
23916 5976
23917 5977
23918 5978
23919 5979
23920 5980
23924 5981
23925 5982
23927 5983
23936 5984
23937 5985
23942 5986
23945 5987
23951 5988
23954 5989
23957 5990
23968 5991
23970 5992
23972 5993
23983 5994
23985 5995
23990 5996
23997 5997
24001 5998
24005 5999
24008 6000
24009 6001
24011 6002
24016 6003
24017 6004
24021 6005
24022 6006
24037 6007
24038 6008
24041 6009
24045 6010
24051 6011
24054 6012
24057 6013
24058 6014
24065 6015
24069 6016
24072 6017
24075 6018
24076 6019
24080 6020
24086 6021
24090 6022
24091 6023
24096 6024
24102 6025
24106 6026
24108 6027
24111 6028
24115 6029
24116 6030
24132 6031
24135 6032
24137 6033
24141 6034
24145 6035
24149 6036
24151 6037
24162 6038
24170 6039
24185 6040
24186 6041
24197 6042
24200 6043
24202 6044
24203 6045
24205 6046
24208 6047
24212 6048
24225 6049
24226 6050
24234 6051
24235 6052
24237 6053
24239 6054
24241 6055
24250 6056
24251 6057
24252 6058
24264 6059
24266 6060
24269 6061
24270 6062
24273 6063
24277 6064
24278 6065
24279 6066
24280 6067
24283 6068
24288 6069
24289 6070
24296 6071
24299 6072
24303 6073
24304 6074
24312 6075
24315 6076
24317 6077
24322 6078
24325 6079
24327 6080
24330 6081
24342 6082
24347 6083
24351 6084
24356 6085
24364 6086
24365 6087
24368 6088
24369 6089
24370 6090
24375 6091
24378 6092
24386 6093
24394 6094
24398 6095
24399 6096
24400 6097
24401 6098
24402 6099
24406 6100
24411 6101
24417 6102
24421 6103
24423 6104
24427 6105
24433 6106
24436 6107
24438 6108
24440 6109
24442 6110
24448 6111
24454 6112
24457 6113
24463 6114
24470 6115
24472 6116
24473 6117
24478 6118
24488 6119
24490 6120
24493 6121
24494 6122
24500 6123
24501 6124
24505 6125
24507 6126
24508 6127
24509 6128
24511 6129
24513 6130
24514 6131
24519 6132
24528 6133
24530 6134
24541 6135
24543 6136
24544 6137
24546 6138
24550 6139
24555 6140
24558 6141
24562 6142
24568 6143
24569 6144
24572 6145
24579 6146
24585 6147
24591 6148
24599 6149
24604 6150
24607 6151
24608 6152
24613 6153
24616 6154
24618 6155
24620 6156
24629 6157
24634 6158
24636 6159
24637 6160
24640 6161
24641 6162
24644 6163
24649 6164
24650 6165
24652 6166
24654 6167
24656 6168
24658 6169
24663 6170
24664 6171
24667 6172
24679 6173
24683 6174
24689 6175
24691 6176
24692 6177
24699 6178
24701 6179
24702 6180
24712 6181
24714 6182
24717 6183
24719 6184
24720 6185
24721 6186
24727 6187
24731 6188
24732 6189
24737 6190
24738 6191
24747 6192
24748 6193
24750 6194
24758 6195
24759 6196
24765 6197
24767 6198
24769 6199
24778 6200
24781 6201
24782 6202
24786 6203
24787 6204
24794 6205
24795 6206
24797 6207
24798 6208
24802 6209
24806 6210
24814 6211
24816 6212
24826 6213
24827 6214
24840 6215
24843 6216
24846 6217
24859 6218
24864 6219
24865 6220
24868 6221
24875 6222
24884 6223
24890 6224
24893 6225
24899 6226
24903 6227
24907 6228
24910 6229
24914 6230
24915 6231
24919 6232
24920 6233
24923 6234
24925 6235
24927 6236
24933 6237
24938 6238
24943 6239
24947 6240
24950 6241
24951 6242
24957 6243
24959 6244
24964 6245
24967 6246
24975 6247
24977 6248
24978 6249
24982 6250
24985 6251
24986 6252
24989 6253
24993 6254
24997 6255
25002 6256
25004 6257
25005 6258
25007 6259
25009 6260
25013 6261
25018 6262
25022 6263
25029 6264
25030 6265
25040 6266
25043 6267
25044 6268
25045 6269
25047 6270
25049 6271
25053 6272
25054 6273
25055 6274
25059 6275
25064 6276
25072 6277
25077 6278
25081 6279
25083 6280
25085 6281
25087 6282
25094 6283
25097 6284
25102 6285
25105 6286
25110 6287
25114 6288
25129 6289
25131 6290
25135 6291
25136 6292
25142 6293
25144 6294
25147 6295
25148 6296
25151 6297
25153 6298
25158 6299
25161 6300
25167 6301
25169 6302
25171 6303
25176 6304
25178 6305
25181 6306
25185 6307
25186 6308
25189 6309
25194 6310
25197 6311
25198 6312
25202 6313
25203 6314
25209 6315
25212 6316
25213 6317
25219 6318
25224 6319
25226 6320
25230 6321
25232 6322
25236 6323
25243 6324
25256 6325
25258 6326
25260 6327
25264 6328
25267 6329
25268 6330
25269 6331
25274 6332
25278 6333
25280 6334
25281 6335
25284 6336
25285 6337
25296 6338
25297 6339
25300 6340
25302 6341
25307 6342
25308 6343
25312 6344
25314 6345
25319 6346
25324 6347
25325 6348
25326 6349
25331 6350
25340 6351
25341 6352
25344 6353
25346 6354
25347 6355
25366 6356
25374 6357
25375 6358
25377 6359
25381 6360
25382 6361
25383 6362
25394 6363
25398 6364
25409 6365
25411 6366
25412 6367
25413 6368
25414 6369
25415 6370
25417 6371
25419 6372
25425 6373
25427 6374
25430 6375
25433 6376
25434 6377
25435 6378
25444 6379
25447 6380
25449 6381
25451 6382
25455 6383
25469 6384
25471 6385
25479 6386
25482 6387
25486 6388
25492 6389
25494 6390
25497 6391
25499 6392
25503 6393
25506 6394
25507 6395
25510 6396
25512 6397
25513 6398
25514 6399
25525 6400
25527 6401
25529 6402
25530 6403
25531 6404
25533 6405
25535 6406
25540 6407
25541 6408
25552 6409
25562 6410
25567 6411
25569 6412
25574 6413
25581 6414
25583 6415
25584 6416
25586 6417
25590 6418
25599 6419
25602 6420
25609 6421
25611 6422
25620 6423
25623 6424
25637 6425
25645 6426
25646 6427
25648 6428
25654 6429
25661 6430
25663 6431
25664 6432
25667 6433
25669 6434
25673 6435
25675 6436
25680 6437
25682 6438
25683 6439
25686 6440
25688 6441
25692 6442
25698 6443
25702 6444
25704 6445
25706 6446
25710 6447
25719 6448
25727 6449
25730 6450
25745 6451
25746 6452
25747 6453
25749 6454
25751 6455
25759 6456
25767 6457
25769 6458
25771 6459
25772 6460
25774 6461
25775 6462
25781 6463
25785 6464
25787 6465
25790 6466
25800 6467
25802 6468
25805 6469
25807 6470
25811 6471
25814 6472
25815 6473
25819 6474
25825 6475
25835 6476
25838 6477
25839 6478
25840 6479
25841 6480
25842 6481
25843 6482
25845 6483
25847 6484
25848 6485
25856 6486
25861 6487
25862 6488
25870 6489
25872 6490
25882 6491
25886 6492
25895 6493
25898 6494
25899 6495
25901 6496
25903 6497
25909 6498
25910 6499
25911 6500
25912 6501
25923 6502
25924 6503
25927 6504
25931 6505
25933 6506
25935 6507
25941 6508
25943 6509
25946 6510
25947 6511
25954 6512
25960 6513
25965 6514
25969 6515
25970 6516
25972 6517
25976 6518
25982 6519
25984 6520
25988 6521
25991 6522
26006 6523
26007 6524
26009 6525
26014 6526
26020 6527
26047 6528
26048 6529
26049 6530
26061 6531
26063 6532
26065 6533
26075 6534
26076 6535
26078 6536
26082 6537
26083 6538
26084 6539
26087 6540
26088 6541
26090 6542
26094 6543
26108 6544
26111 6545
26115 6546
26119 6547
26120 6548
26123 6549
26125 6550
26131 6551
26136 6552
26143 6553
26153 6554
26154 6555
26165 6556
26177 6557
26184 6558
26187 6559
26191 6560
26192 6561
26193 6562
26194 6563
26202 6564
26203 6565
26209 6566
26210 6567
26217 6568
26219 6569
26220 6570
26231 6571
26233 6572
26248 6573
26250 6574
26251 6575
26252 6576
26255 6577
26257 6578
26259 6579
26260 6580
26263 6581
26268 6582
26271 6583
26277 6584
26279 6585
26287 6586
26291 6587
26299 6588
26300 6589
26314 6590
26316 6591
26325 6592
26334 6593
26337 6594
26339 6595
26342 6596
26344 6597
26345 6598
26347 6599
26349 6600
26352 6601
26353 6602
26362 6603
26364 6604
26365 6605
26366 6606
26368 6607
26369 6608
26375 6609
26377 6610
26379 6611
26388 6612
26391 6613
26395 6614
26405 6615
26411 6616
26413 6617
26415 6618
26417 6619
26420 6620
26423 6621
26427 6622
26429 6623
26432 6624
26436 6625
26441 6626
26447 6627
26450 6628
26451 6629
26455 6630
26460 6631
26464 6632
26470 6633
26474 6634
26476 6635
26477 6636
26480 6637
26483 6638
26485 6639
26492 6640
26496 6641
26498 6642
26499 6643
26500 6644
26502 6645
26503 6646
26504 6647
26510 6648
26517 6649
26523 6650
26531 6651
26536 6652
26546 6653
26552 6654
26558 6655
26561 6656
26566 6657
26567 6658
26573 6659
26579 6660
26585 6661
26588 6662
26591 6663
26600 6664
26603 6665
26610 6666
26611 6667
26612 6668
26613 6669
26619 6670
26623 6671
26624 6672
26627 6673
26636 6674
26639 6675
26642 6676
26646 6677
26650 6678
26656 6679
26657 6680
26658 6681
26678 6682
26680 6683
26681 6684
26694 6685
26699 6686
26704 6687
26705 6688
26706 6689
26707 6690
26714 6691
26719 6692
26721 6693
26727 6694
26730 6695
26731 6696
26737 6697
26739 6698
26741 6699
26749 6700
26751 6701
26757 6702
26760 6703
26761 6704
26767 6705
26774 6706
26782 6707
26788 6708
26811 6709
26813 6710
26818 6711
26819 6712
26822 6713
26835 6714
26839 6715
26840 6716
26842 6717
26843 6718
26846 6719
26855 6720
26868 6721
26878 6722
26881 6723
26884 6724
26885 6725
26887 6726
26889 6727
26894 6728
26898 6729
26901 6730
26909 6731
26916 6732
26928 6733
26930 6734
26936 6735
26939 6736
26940 6737
26941 6738
26946 6739
26948 6740
26951 6741
26954 6742
26956 6743
26958 6744
26963 6745
26967 6746
26969 6747
26979 6748
26981 6749
26982 6750
26992 6751
26993 6752
26996 6753
27006 6754
27007 6755
27008 6756
27014 6757
27015 6758
27020 6759
27022 6760
27023 6761
27031 6762
27038 6763
27040 6764
27041 6765
27051 6766
27052 6767
27057 6768
27062 6769
27087 6770
27096 6771
27100 6772
27107 6773
27110 6774
27112 6775
27114 6776
27118 6777
27120 6778
27122 6779
27124 6780
27125 6781
27126 6782
27128 6783
27129 6784
27134 6785
27141 6786
27147 6787
27149 6788
27155 6789
27158 6790
27163 6791
27165 6792
27176 6793
27177 6794
27178 6795
27179 6796
27181 6797
27183 6798
27189 6799
27191 6800
27198 6801
27207 6802
27210 6803
27212 6804
27216 6805
27221 6806
27229 6807
27231 6808
27233 6809
27241 6810
27244 6811
27252 6812
27253 6813
27255 6814
27256 6815
27259 6816
27260 6817
27263 6818
27264 6819
27267 6820
27280 6821
27281 6822
27283 6823
27289 6824
27290 6825
27292 6826
27296 6827
27298 6828
27300 6829
27302 6830
27307 6831
27314 6832
27318 6833
27319 6834
27320 6835
27325 6836
27332 6837
27338 6838
27346 6839
27348 6840
27350 6841
27351 6842
27352 6843
27356 6844
27358 6845
27360 6846
27364 6847
27365 6848
27369 6849
27372 6850
27373 6851
27378 6852
27382 6853
27385 6854
27392 6855
27394 6856
27396 6857
27400 6858
27403 6859
27413 6860
27439 6861
27442 6862
27448 6863
27450 6864
27454 6865
27455 6866
27461 6867
27467 6868
27468 6869
27469 6870
27470 6871
27474 6872
27480 6873
27495 6874
27496 6875
27499 6876
27505 6877
27507 6878
27508 6879
27514 6880
27515 6881
27520 6882
27521 6883
27532 6884
27540 6885
27541 6886
27548 6887
27562 6888
27563 6889
27564 6890
27565 6891
27568 6892
27570 6893
27571 6894
27577 6895
27579 6896
27580 6897
27594 6898
27596 6899
27597 6900
27603 6901
27612 6902
27618 6903
27619 6904
27629 6905
27634 6906
27641 6907
27645 6908
27657 6909
27664 6910
27667 6911
27668 6912
27670 6913
27672 6914
27674 6915
27682 6916
27690 6917
27694 6918
27698 6919
27701 6920
27704 6921
27708 6922
27713 6923
27714 6924
27716 6925
27722 6926
27725 6927
27727 6928
27728 6929
27731 6930
27735 6931
27746 6932
27748 6933
27753 6934
27759 6935
27763 6936
27764 6937
27770 6938
27781 6939
27787 6940
27788 6941
27789 6942
27793 6943
27798 6944
27804 6945
27807 6946
27810 6947
27825 6948
27826 6949
27831 6950
27832 6951
27838 6952
27844 6953
27849 6954
27858 6955
27861 6956
27862 6957
27867 6958
27870 6959
27871 6960
27873 6961
27876 6962
27877 6963
27884 6964
27888 6965
27894 6966
27896 6967
27904 6968
27906 6969
27908 6970
27910 6971
27911 6972
27915 6973
27921 6974
27929 6975
27930 6976
27936 6977
27941 6978
27944 6979
27948 6980
27951 6981
27955 6982
27959 6983
27961 6984
27962 6985
27965 6986
27974 6987
27981 6988
27987 6989
27989 6990
27991 6991
27997 6992
28002 6993
28003 6994
28007 6995
28009 6996
28016 6997
28027 6998
28031 6999
28037 7000
28038 7001
28048 7002
28049 7003
28057 7004
28061 7005
28062 7006
28065 7007
28072 7008
28073 7009
28074 7010
28076 7011
28077 7012
28084 7013
28087 7014
28089 7015
28100 7016
28101 7017
28102 7018
28106 7019
28117 7020
28121 7021
28133 7022
28134 7023
28136 7024
28139 7025
28144 7026
28155 7027
28158 7028
28161 7029
28165 7030
28166 7031
28167 7032
28168 7033
28170 7034
28172 7035
28177 7036
28185 7037
28189 7038
28194 7039
28197 7040
28203 7041
28204 7042
28206 7043
28208 7044
28211 7045
28216 7046
28218 7047
28222 7048
28224 7049
28228 7050
28229 7051
28235 7052
28236 7053
28238 7054
28239 7055
28240 7056
28254 7057
28257 7058
28261 7059
28264 7060
28267 7061
28268 7062
28271 7063
28277 7064
28279 7065
28281 7066
28283 7067
28286 7068
28288 7069
28292 7070
28298 7071
28301 7072
28305 7073
28306 7074
28307 7075
28311 7076
28312 7077
28313 7078
28320 7079
28322 7080
28323 7081
28324 7082
28331 7083
28332 7084
28335 7085
28339 7086
28341 7087
28350 7088
28352 7089
28355 7090
28356 7091
28359 7092
28360 7093
28362 7094
28363 7095
28366 7096
28373 7097
28380 7098
28383 7099
28385 7100
28392 7101
28395 7102
28399 7103
28403 7104
28404 7105
28407 7106
28408 7107
28409 7108
28410 7109
28412 7110
28415 7111
28417 7112
28421 7113
28424 7114
28429 7115
28430 7116
28437 7117
28440 7118
28442 7119
28452 7120
28454 7121
28457 7122
28459 7123
28463 7124
28467 7125
28468 7126
28470 7127
28474 7128
28480 7129
28485 7130
28487 7131
28493 7132
28494 7133
28499 7134
28513 7135
28516 7136
28521 7137
28525 7138
28534 7139
28540 7140
28541 7141
28547 7142
28548 7143
28551 7144
28554 7145
28558 7146
28560 7147
28570 7148
28573 7149
28575 7150
28576 7151
28578 7152
28579 7153
28581 7154
28587 7155
28593 7156
28594 7157
28597 7158
28599 7159
28604 7160
28613 7161
28625 7162
28630 7163
28632 7164
28636 7165
28647 7166
28654 7167
28655 7168
28660 7169
28662 7170
28663 7171
28680 7172
28691 7173
28699 7174
28703 7175
28706 7176
28712 7177
28713 7178
28716 7179
28721 7180
28722 7181
28726 7182
28730 7183
28731 7184
28732 7185
28733 7186
28738 7187
28742 7188
28746 7189
28758 7190
28767 7191
28769 7192
28770 7193
28772 7194
28774 7195
28778 7196
28780 7197
28781 7198
28788 7199
28790 7200
28793 7201
28794 7202
28800 7203
28801 7204
28811 7205
28813 7206
28822 7207
28824 7208
28829 7209
28843 7210
28848 7211
28849 7212
28855 7213
28857 7214
28864 7215
28868 7216
28873 7217
28874 7218
28875 7219
28880 7220
28882 7221
28890 7222
28896 7223
28902 7224
28903 7225
28907 7226
28910 7227
28911 7228
28913 7229
28921 7230
28924 7231
28926 7232
28928 7233
28929 7234
28931 7235
28937 7236
28943 7237
28945 7238
28952 7239
28956 7240
28961 7241
28964 7242
28967 7243
28970 7244
28971 7245
28983 7246
28989 7247
28992 7248
28997 7249
28999 7250
29000 7251
29012 7252
29014 7253
29016 7254
29018 7255
29021 7256
29024 7257
29027 7258
29036 7259
29039 7260
29041 7261
29044 7262
29056 7263
29058 7264
29062 7265
29068 7266
29069 7267
29075 7268
29085 7269
29086 7270
29088 7271
29091 7272
29095 7273
29096 7274
29099 7275
29107 7276
29117 7277
29121 7278
29125 7279
29139 7280
29147 7281
29148 7282
29150 7283
29154 7284
29158 7285
29165 7286
29171 7287
29172 7288
29177 7289
29179 7290
29184 7291
29193 7292
29197 7293
29198 7294
29213 7295
29221 7296
29225 7297
29227 7298
29229 7299
29234 7300
29242 7301
29245 7302
29249 7303
29260 7304
29261 7305
29263 7306
29266 7307
29267 7308
29271 7309
29272 7310
29273 7311
29276 7312
29279 7313
29280 7314
29282 7315
29283 7316
29285 7317
29288 7318
29290 7319
29295 7320
29297 7321
29299 7322
29301 7323
29305 7324
29315 7325
29321 7326
29322 7327
29323 7328
29325 7329
29326 7330
29336 7331
29338 7332
29339 7333
29345 7334
29358 7335
29360 7336
29363 7337
29364 7338
29366 7339
29367 7340
29381 7341
29388 7342
29391 7343
29394 7344
29395 7345
29404 7346
29407 7347
29409 7348
29412 7349
29419 7350
29422 7351
29423 7352
29431 7353
29435 7354
29437 7355
29444 7356
29447 7357
29449 7358
29454 7359
29462 7360
29463 7361
29465 7362
29468 7363
29469 7364
29475 7365
29478 7366
29480 7367
29485 7368
29486 7369
29494 7370
29496 7371
29498 7372
29503 7373
29514 7374
29517 7375
29518 7376
29529 7377
29532 7378
29533 7379
29541 7380
29545 7381
29547 7382
29549 7383
29555 7384
29556 7385
29562 7386
29565 7387
29566 7388
29567 7389
29570 7390
29576 7391
29577 7392
29581 7393
29584 7394
29585 7395
29592 7396
29593 7397
29594 7398
29595 7399
29606 7400
29620 7401
29623 7402
29625 7403
29631 7404
29636 7405
29639 7406
29640 7407
29641 7408
29647 7409
29656 7410
29662 7411
29668 7412
29669 7413
29671 7414
29674 7415
29677 7416
29682 7417
29685 7418
29686 7419
29687 7420
29688 7421
29690 7422
29693 7423
29695 7424
29704 7425
29708 7426
29712 7427
29713 7428
29729 7429
29733 7430
29743 7431
29744 7432
29749 7433
29753 7434
29757 7435
29760 7436
29762 7437
29764 7438
29769 7439
29770 7440
29771 7441
29772 7442
29775 7443
29780 7444
29781 7445
29782 7446
29784 7447
29785 7448
29790 7449
29792 7450
29797 7451
29798 7452
29799 7453
29800 7454
29802 7455
29807 7456
29817 7457
29820 7458
29824 7459
29829 7460
29846 7461
29848 7462
29852 7463
