org_id remap_id
2 0
6 1
17 2
27 3
28 4
32 5
39 6
44 7
45 8
51 9
55 10
64 11
67 12
68 13
71 14
73 15
80 16
93 17
100 18
101 19
102 20
108 21
115 22
117 23
120 24
121 25
134 26
135 27
136 28
140 29
141 30
149 31
152 32
164 33
166 34
168 35
169 36
170 37
174 38
175 39
188 40
190 41
191 42
193 43
198 44
200 45
208 46
210 47
215 48
216 49
220 50
226 51
233 52
236 53
237 54
238 55
243 56
249 57
257 58
258 59
260 60
263 61
264 62
266 63
273 64
276 65
277 66
279 67
290 68
299 69
301 70
306 71
307 72
311 73
313 74
317 75
323 76
324 77
325 78
332 79
336 80
338 81
341 82
346 83
347 84
350 85
351 86
353 87
356 88
359 89
361 90
367 91
370 92
378 93
380 94
386 95
388 96
389 97
391 98
392 99
399 100
400 101
402 102
404 103
407 104
408 105
418 106
420 107
422 108
432 109
435 110
442 111
444 112
447 113
450 114
454 115
455 116
458 117
462 118
464 119
465 120
470 121
475 122
477 123
489 124
491 125
499 126
508 127
512 128
514 129
520 130
521 131
525 132
530 133
533 134
537 135
538 136
544 137
562 138
569 139
574 140
578 141
579 142
587 143
591 144
594 145
602 146
609 147
610 148
611 149
613 150
614 151
616 152
621 153
623 154
624 155
625 156
643 157
645 158
647 159
648 160
649 161
652 162
668 163
672 164
678 165
679 166
681 167
687 168
689 169
690 170
693 171
694 172
695 173
703 174
704 175
706 176
714 177
716 178
719 179
722 180
728 181
736 182
738 183
743 184
745 185
751 186
752 187
754 188
757 189
758 190
761 191
762 192
767 193
776 194
785 195
786 196
787 197
788 198
793 199
799 200
809 201
812 202
816 203
817 204
828 205
831 206
840 207
841 208
849 209
850 210
851 211
854 212
858 213
860 214
863 215
875 216
876 217
878 218
879 219
881 220
890 221
894 222
896 223
907 224
911 225
913 226
915 227
916 228
919 229
922 230
925 231
932 232
942 233
946 234
947 235
950 236
952 237
954 238
957 239
958 240
965 241
966 242
968 243
972 244
973 245
975 246
983 247
986 248
989 249
991 250
1014 251
1021 252
1026 253
1030 254
1035 255
1036 256
1040 257
1047 258
1050 259
1051 260
1052 261
1055 262
1056 263
1060 264
1062 265
1068 266
1069 267
1070 268
1071 269
1074 270
1076 271
1084 272
1092 273
1096 274
1101 275
1110 276
1113 277
1115 278
1125 279
1128 280
1130 281
1136 282
1140 283
1142 284
1147 285
1157 286
1160 287
1165 288
1169 289
1174 290
1175 291
1179 292
1195 293
1197 294
1199 295
1203 296
1205 297
1208 298
1211 299
1212 300
1213 301
1215 302
1224 303
1225 304
1232 305
1237 306
1239 307
1240 308
1242 309
1254 310
1257 311
1261 312
1272 313
1280 314
1282 315
1286 316
1288 317
1297 318
1302 319
1311 320
1312 321
1313 322
1319 323
1325 324
1330 325
1333 326
1336 327
1339 328
1344 329
1347 330
1348 331
1369 332
1370 333
1371 334
1375 335
1382 336
1383 337
1387 338
1389 339
1393 340
1398 341
1402 342
1412 343
1418 344
1419 345
1420 346
1424 347
1430 348
1433 349
1435 350
1436 351
1438 352
1439 353
1442 354
1444 355
1447 356
1449 357
1459 358
1462 359
1464 360
1465 361
1470 362
1474 363
1477 364
1478 365
1483 366
1489 367
1490 368
1491 369
1493 370
1494 371
1496 372
1499 373
1500 374
1501 375
1511 376
1512 377
1513 378
1529 379
1538 380
1541 381
1550 382
1557 383
1558 384
1563 385
1564 386
1571 387
1574 388
1594 389
1595 390
1596 391
1602 392
1606 393
1615 394
1631 395
1637 396
1652 397
1653 398
1662 399
1668 400
1669 401
1681 402
1688 403
1689 404
1690 405
1691 406
1692 407
1695 408
1699 409
1705 410
1707 411
1708 412
1710 413
1717 414
1718 415
1719 416
1721 417
1722 418
1729 419
1731 420
1732 421
1733 422
1738 423
1739 424
1740 425
1743 426
1745 427
1761 428
1762 429
1770 430
1771 431
1772 432
1773 433
1780 434
1783 435
1784 436
1787 437
1788 438
1789 439
1791 440
1795 441
1796 442
1803 443
1804 444
1808 445
1812 446
1819 447
1826 448
1828 449
1830 450
1832 451
1834 452
1835 453
1836 454
1845 455
1849 456
1863 457
1869 458
1875 459
1876 460
1878 461
1881 462
1882 463
1884 464
1890 465
1894 466
1906 467
1916 468
1917 469
1925 470
1927 471
1930 472
1932 473
1942 474
1952 475
1954 476
1962 477
1963 478
1964 479
1966 480
1968 481
1969 482
1971 483
1982 484
1986 485
1988 486
1989 487
1992 488
2000 489
2010 490
2012 491
2014 492
2027 493
2031 494
2037 495
2044 496
2045 497
2059 498
2062 499
2064 500
2067 501
2070 502
2071 503
2076 504
2080 505
2081 506
2083 507
2086 508
2087 509
2094 510
2095 511
2096 512
2105 513
2111 514
2112 515
2117 516
2119 517
2120 518
2125 519
2127 520
2130 521
2131 522
2140 523
2141 524
2142 525
2144 526
2146 527
2150 528
2155 529
2161 530
2163 531
2164 532
2166 533
2167 534
2169 535
2170 536
2174 537
2182 538
2186 539
2187 540
2195 541
2204 542
2205 543
2206 544
2212 545
2213 546
2217 547
2218 548
2222 549
2226 550
2233 551
2235 552
2239 553
2241 554
2253 555
2269 556
2274 557
2275 558
2277 559
2280 560
2288 561
2291 562
2293 563
2297 564
2307 565
2312 566
2316 567
2317 568
2321 569
2324 570
2330 571
2334 572
2337 573
2350 574
2353 575
2357 576
2360 577
2389 578
2391 579
2393 580
2398 581
2409 582
2410 583
2416 584
2417 585
2424 586
2436 587
2439 588
2453 589
2457 590
2461 591
2468 592
2481 593
2486 594
2499 595
2500 596
2502 597
2503 598
2507 599
2512 600
2513 601
2517 602
2518 603
2521 604
2525 605
2529 606
2535 607
2540 608
2542 609
2547 610
2549 611
2552 612
2558 613
2561 614
2563 615
2573 616
2575 617
2580 618
2581 619
2588 620
2594 621
2601 622
2604 623
2615 624
2621 625
2623 626
2624 627
2627 628
2632 629
2636 630
2645 631
2652 632
2656 633
2659 634
2666 635
2667 636
2677 637
2679 638
2680 639
2685 640
2694 641
2695 642
2700 643
2703 644
2704 645
2707 646
2718 647
2722 648
2727 649
2728 650
2729 651
2734 652
2735 653
2739 654
2749 655
2750 656
2751 657
2753 658
2761 659
2765 660
2771 661
2772 662
2773 663
2774 664
2776 665
2777 666
2778 667
2780 668
2783 669
2784 670
2785 671
2786 672
2790 673
2792 674
2795 675
2802 676
2808 677
2809 678
2811 679
2812 680
2813 681
2820 682
2821 683
2824 684
2830 685
2833 686
2844 687
2848 688
2853 689
2856 690
2858 691
2859 692
2860 693
2863 694
2870 695
2871 696
2872 697
2873 698
2876 699
2877 700
2884 701
2898 702
2900 703
2912 704
2915 705
2918 706
2920 707
2922 708
2923 709
2925 710
2926 711
2930 712
2935 713
2936 714
2937 715
2939 716
2948 717
2953 718
2955 719
2956 720
2957 721
2959 722
2963 723
2966 724
2970 725
2973 726
2974 727
2979 728
2982 729
2985 730
2988 731
2994 732
3006 733
3012 734
3013 735
3022 736
3024 737
3029 738
3030 739
3032 740
3034 741
3040 742
3041 743
3044 744
3045 745
3051 746
3054 747
3055 748
3056 749
3063 750
3066 751
3068 752
3070 753
3083 754
3090 755
3096 756
3098 757
3104 758
3122 759
3130 760
3134 761
3135 762
3140 763
3147 764
3149 765
3156 766
3162 767
3165 768
3169 769
3173 770
3174 771
3187 772
3188 773
3189 774
3190 775
3191 776
3193 777
3199 778
3201 779
3202 780
3209 781
3210 782
3211 783
3213 784
3219 785
3220 786
3224 787
3232 788
3233 789
3235 790
3244 791
3246 792
3247 793
3251 794
3253 795
3254 796
3258 797
3262 798
3263 799
3267 800
3275 801
3278 802
3282 803
3284 804
3289 805
3291 806
3293 807
3298 808
3301 809
3303 810
3306 811
3309 812
3315 813
3318 814
3320 815
3326 816
3333 817
3336 818
3338 819
3340 820
3354 821
3356 822
3360 823
3364 824
3368 825
3369 826
3371 827
3372 828
3377 829
3378 830
3384 831
3388 832
3397 833
3401 834
3404 835
3405 836
3412 837
3418 838
3420 839
3421 840
3435 841
3440 842
3446 843
3447 844
3448 845
3450 846
3454 847
3456 848
3469 849
3471 850
3473 851
3475 852
3481 853
3484 854
3485 855
3487 856
3488 857
3492 858
3498 859
3500 860
3505 861
3508 862
3511 863
3516 864
3524 865
3526 866
3528 867
3532 868
3533 869
3534 870
3535 871
3539 872
3540 873
3550 874
3552 875
3553 876
3559 877
3561 878
3563 879
3568 880
3575 881
3578 882
3580 883
3581 884
3582 885
3583 886
3584 887
3594 888
3595 889
3604 890
3605 891
3606 892
3608 893
3609 894
3612 895
3614 896
3615 897
3618 898
3626 899
3628 900
3631 901
3632 902
3634 903
3635 904
3636 905
3640 906
3645 907
3646 908
3649 909
3654 910
3655 911
3660 912
3667 913
3670 914
3677 915
3680 916
3682 917
3683 918
3686 919
3687 920
3692 921
3697 922
3699 923
3701 924
3708 925
3710 926
3715 927
3721 928
3722 929
3730 930
3733 931
3734 932
3740 933
3741 934
3746 935
3750 936
3751 937
3756 938
3757 939
3761 940
3768 941
3770 942
3774 943
3790 944
3791 945
3795 946
3800 947
3801 948
3803 949
3804 950
3807 951
3816 952
3819 953
3821 954
3823 955
3825 956
3828 957
3829 958
3831 959
3840 960
3841 961
3844 962
3845 963
3847 964
3850 965
3852 966
3855 967
3858 968
3862 969
3864 970
3868 971
3872 972
3873 973
3878 974
3879 975
3882 976
3883 977
3885 978
3886 979
3891 980
3892 981
3896 982
3902 983
3903 984
3906 985
3911 986
3918 987
3931 988
3932 989
3941 990
3943 991
3947 992
3951 993
3953 994
3954 995
3956 996
3958 997
3960 998
3963 999
3971 1000
3972 1001
3980 1002
3984 1003
3988 1004
3990 1005
3997 1006
3998 1007
3999 1008
4003 1009
4006 1010
4008 1011
4020 1012
4022 1013
4027 1014
4029 1015
4031 1016
4032 1017
4033 1018
4044 1019
4045 1020
4046 1021
4048 1022
4050 1023
4051 1024
4056 1025
4057 1026
4058 1027
4062 1028
4065 1029
4066 1030
4068 1031
4069 1032
4077 1033
4078 1034
4083 1035
4085 1036
4086 1037
4087 1038
4088 1039
4090 1040
4098 1041
4100 1042
4103 1043
4107 1044
4113 1045
4114 1046
4119 1047
4128 1048
4132 1049
4138 1050
4139 1051
4140 1052
4143 1053
4144 1054
4147 1055
4155 1056
4158 1057
4165 1058
4168 1059
4174 1060
4175 1061
4179 1062
4180 1063
4183 1064
4187 1065
4188 1066
4189 1067
4190 1068
4200 1069
4202 1070
4205 1071
4210 1072
4217 1073
4221 1074
4222 1075
4224 1076
4226 1077
4230 1078
4231 1079
4237 1080
4239 1081
4244 1082
4250 1083
4256 1084
4257 1085
4261 1086
4262 1087
4266 1088
4269 1089
4275 1090
4277 1091
4285 1092
4289 1093
4297 1094
4299 1095
4300 1096
4302 1097
4306 1098
4310 1099
4311 1100
4317 1101
4318 1102
4322 1103
4323 1104
4326 1105
4331 1106
4333 1107
4335 1108
4343 1109
4348 1110
4351 1111
4355 1112
4357 1113
4364 1114
4368 1115
4370 1116
4374 1117
4377 1118
4378 1119
4380 1120
4381 1121
4393 1122
4397 1123
4399 1124
4400 1125
4401 1126
4406 1127
4408 1128
4410 1129
4427 1130
4431 1131
4433 1132
4439 1133
4448 1134
4449 1135
4453 1136
4459 1137
4469 1138
4470 1139
4472 1140
4477 1141
4486 1142
4487 1143
4496 1144
4497 1145
4498 1146
4500 1147
4506 1148
4507 1149
4511 1150
4514 1151
4515 1152
4517 1153
4521 1154
4525 1155
4529 1156
4535 1157
4539 1158
4540 1159
4542 1160
4550 1161
4552 1162
4553 1163
4555 1164
4557 1165
4559 1166
4562 1167
4566 1168
4568 1169
4573 1170
4576 1171
4582 1172
4583 1173
4585 1174
4586 1175
4591 1176
4595 1177
4602 1178
4605 1179
4615 1180
4628 1181
4629 1182
4631 1183
4637 1184
4638 1185
4639 1186
4642 1187
4644 1188
4646 1189
4647 1190
4655 1191
4657 1192
4660 1193
4664 1194
4665 1195
4666 1196
4668 1197
4673 1198
4675 1199
4676 1200
4681 1201
4688 1202
4691 1203
4693 1204
4695 1205
4697 1206
4702 1207
4706 1208
4709 1209
4711 1210
4714 1211
4718 1212
4719 1213
4723 1214
4727 1215
4729 1216
4732 1217
4738 1218
4740 1219
4741 1220
4745 1221
4748 1222
4749 1223
4753 1224
4756 1225
4763 1226
4768 1227
4769 1228
4770 1229
4771 1230
4778 1231
4779 1232
4782 1233
4788 1234
4790 1235
4794 1236
4802 1237
4803 1238
4807 1239
4812 1240
4813 1241
4819 1242
4828 1243
4829 1244
4830 1245
4832 1246
4836 1247
4839 1248
4841 1249
4842 1250
4845 1251
4847 1252
4848 1253
4851 1254
4854 1255
4855 1256
4858 1257
4860 1258
4868 1259
4869 1260
4870 1261
4873 1262
4877 1263
4880 1264
4881 1265
4889 1266
4890 1267
4891 1268
4892 1269
4905 1270
4913 1271
4918 1272
4921 1273
4922 1274
4930 1275
4931 1276
4946 1277
4951 1278
4952 1279
4953 1280
4956 1281
4965 1282
4967 1283
4969 1284
4971 1285
4979 1286
4992 1287
4993 1288
4994 1289
4996 1290
5003 1291
5004 1292
5005 1293
5006 1294
5015 1295
5023 1296
5025 1297
5029 1298
5035 1299
5036 1300
5038 1301
5047 1302
5048 1303
5050 1304
5051 1305
5053 1306
5055 1307
5063 1308
5064 1309
5070 1310
5081 1311
5091 1312
5095 1313
5096 1314
5099 1315
5100 1316
5103 1317
5107 1318
5108 1319
5111 1320
5113 1321
5121 1322
5122 1323
5137 1324
5138 1325
5139 1326
5144 1327
5145 1328
5151 1329
5160 1330
5169 1331
5171 1332
5175 1333
5178 1334
5183 1335
5184 1336
5190 1337
5191 1338
5197 1339
5202 1340
5210 1341
5211 1342
5216 1343
5221 1344
5235 1345
5239 1346
5242 1347
5243 1348
5250 1349
5253 1350
5254 1351
5261 1352
5262 1353
5265 1354
5268 1355
5277 1356
5279 1357
5282 1358
5283 1359
5286 1360
5287 1361
5289 1362
5291 1363
5301 1364
5302 1365
5307 1366
5309 1367
5312 1368
5317 1369
5320 1370
5327 1371
5329 1372
5333 1373
5336 1374
5338 1375
5339 1376
5342 1377
5345 1378
5351 1379
5359 1380
5363 1381
5366 1382
5367 1383
5373 1384
5375 1385
5378 1386
5379 1387
5384 1388
5389 1389
5391 1390
5399 1391
5400 1392
5401 1393
5406 1394
5410 1395
5423 1396
5426 1397
5428 1398
5433 1399
5438 1400
5442 1401
5443 1402
5451 1403
5455 1404
5460 1405
5470 1406
5473 1407
5476 1408
5481 1409
5484 1410
5486 1411
5488 1412
5491 1413
5497 1414
5501 1415
5506 1416
5510 1417
5511 1418
5512 1419
5514 1420
5518 1421
5519 1422
5522 1423
5528 1424
5529 1425
5540 1426
5544 1427
5546 1428
5556 1429
5561 1430
5563 1431
5566 1432
5568 1433
5574 1434
5581 1435
5584 1436
5586 1437
5589 1438
5591 1439
5593 1440
5595 1441
5596 1442
5599 1443
5606 1444
5609 1445
5611 1446
5612 1447
5615 1448
5617 1449
5618 1450
5623 1451
5627 1452
5628 1453
5630 1454
5642 1455
5644 1456
5652 1457
5667 1458
5671 1459
5678 1460
5682 1461
5683 1462
5684 1463
5686 1464
5687 1465
5689 1466
5691 1467
5692 1468
5706 1469
5710 1470
5719 1471
5721 1472
5725 1473
5728 1474
5730 1475
5734 1476
5738 1477
5739 1478
5743 1479
5745 1480
5746 1481
5747 1482
5751 1483
5755 1484
5757 1485
5758 1486
5761 1487
5763 1488
5766 1489
5769 1490
5770 1491
5772 1492
5777 1493
5780 1494
5781 1495
5787 1496
5791 1497
5795 1498
5796 1499
5802 1500
5806 1501
5807 1502
5813 1503
5820 1504
5823 1505
5830 1506
5833 1507
5834 1508
5840 1509
5847 1510
5850 1511
5854 1512
5859 1513
5861 1514
5864 1515
5865 1516
5866 1517
5868 1518
5871 1519
5875 1520
5877 1521
5879 1522
5883 1523
5884 1524
5886 1525
5889 1526
5890 1527
5891 1528
5895 1529
5896 1530
5898 1531
5907 1532
5910 1533
5911 1534
5914 1535
5916 1536
5917 1537
5918 1538
5919 1539
5920 1540
5921 1541
5924 1542
5926 1543
5934 1544
5937 1545
5942 1546
5946 1547
5947 1548
5955 1549
5959 1550
5960 1551
5963 1552
5969 1553
5970 1554
5972 1555
5977 1556
5985 1557
5987 1558
5999 1559
6001 1560
6004 1561
6008 1562
6011 1563
6014 1564
6019 1565
6020 1566
6028 1567
6031 1568
6033 1569
6037 1570
6045 1571
6053 1572
6054 1573
6056 1574
6058 1575
6060 1576
6062 1577
6064 1578
6066 1579
6082 1580
6088 1581
6092 1582
6095 1583
6100 1584
6106 1585
6107 1586
6108 1587
6112 1588
6113 1589
6117 1590
6123 1591
6133 1592
6140 1593
6149 1594
6151 1595
6155 1596
6158 1597
6162 1598
6165 1599
6167 1600
6171 1601
6174 1602
6182 1603
6186 1604
6187 1605
6188 1606
6190 1607
6195 1608
6196 1609
6204 1610
6205 1611
6206 1612
6208 1613
6211 1614
6213 1615
6214 1616
6221 1617
6231 1618
6232 1619
6240 1620
6241 1621
6243 1622
6246 1623
6252 1624
6255 1625
6258 1626
6263 1627
6275 1628
6276 1629
6281 1630
6286 1631
6287 1632
6288 1633
6296 1634
6297 1635
6298 1636
6305 1637
6306 1638
6307 1639
6309 1640
6312 1641
6313 1642
6319 1643
6321 1644
6323 1645
6326 1646
6327 1647
6332 1648
6342 1649
6344 1650
6347 1651
6349 1652
6350 1653
6351 1654
6357 1655
6362 1656
6364 1657
6370 1658
6371 1659
6376 1660
6380 1661
6385 1662
6387 1663
6392 1664
6394 1665
6403 1666
6408 1667
6411 1668
6413 1669
6422 1670
6425 1671
6434 1672
6443 1673
6451 1674
6464 1675
6472 1676
6473 1677
6482 1678
6484 1679
6488 1680
6492 1681
6496 1682
6501 1683
6503 1684
6506 1685
6507 1686
6509 1687
6512 1688
6516 1689
6520 1690
6523 1691
6524 1692
6528 1693
6529 1694
6536 1695
6541 1696
6543 1697
6549 1698
6552 1699
6553 1700
6554 1701
6556 1702
6562 1703
6563 1704
6565 1705
6571 1706
6574 1707
6575 1708
6576 1709
6584 1710
6592 1711
6594 1712
6597 1713
6599 1714
6609 1715
6610 1716
6611 1717
6615 1718
6616 1719
6618 1720
6619 1721
6622 1722
6626 1723
6629 1724
6637 1725
6640 1726
6646 1727
6647 1728
6651 1729
6655 1730
6656 1731
6661 1732
6666 1733
6670 1734
6675 1735
6676 1736
6678 1737
6682 1738
6691 1739
6693 1740
6696 1741
6697 1742
6703 1743
6708 1744
6721 1745
6722 1746
6723 1747
6727 1748
6730 1749
6739 1750
6743 1751
6744 1752
6746 1753
6747 1754
6755 1755
6757 1756
6765 1757
6769 1758
6770 1759
6775 1760
6780 1761
6786 1762
6787 1763
6789 1764
6793 1765
6795 1766
6798 1767
6803 1768
6808 1769
6814 1770
6819 1771
6823 1772
6824 1773
6842 1774
6848 1775
6850 1776
6851 1777
6856 1778
6862 1779
6865 1780
6867 1781
6872 1782
6873 1783
6874 1784
6876 1785
6877 1786
6880 1787
6882 1788
6889 1789
6890 1790
6893 1791
6901 1792
6905 1793
6909 1794
6916 1795
6921 1796
6926 1797
6930 1798
6935 1799
6936 1800
6942 1801
6943 1802
6946 1803
6953 1804
6957 1805
6959 1806
6965 1807
6967 1808
6971 1809
6978 1810
6981 1811
6984 1812
6987 1813
6993 1814
6994 1815
7003 1816
7005 1817
7012 1818
7014 1819
7015 1820
7021 1821
7038 1822
7052 1823
7063 1824
7064 1825
7066 1826
7067 1827
7068 1828
7079 1829
7082 1830
7083 1831
7087 1832
7092 1833
7099 1834
7104 1835
7106 1836
7109 1837
7110 1838
7119 1839
7125 1840
7130 1841
7137 1842
7139 1843
7143 1844
7147 1845
7156 1846
7161 1847
7162 1848
7163 1849
7173 1850
7174 1851
7185 1852
7187 1853
7189 1854
7193 1855
7199 1856
7201 1857
7204 1858
7212 1859
7219 1860
7220 1861
7221 1862
7227 1863
7229 1864
7230 1865
7245 1866
7246 1867
7258 1868
7266 1869
7267 1870
7279 1871
7281 1872
7286 1873
7287 1874
7289 1875
7292 1876
7303 1877
7308 1878
7325 1879
7333 1880
7337 1881
7343 1882
7347 1883
7350 1884
7355 1885
7357 1886
7359 1887
7370 1888
7375 1889
7387 1890
7388 1891
7391 1892
7393 1893
7397 1894
7400 1895
7401 1896
7408 1897
7414 1898
7424 1899
7427 1900
7428 1901
7431 1902
7435 1903
7448 1904
7452 1905
7456 1906
7457 1907
7462 1908
7463 1909
7469 1910
7477 1911
7494 1912
7496 1913
7504 1914
7516 1915
7526 1916
7532 1917
7538 1918
7540 1919
7542 1920
7545 1921
7563 1922
7566 1923
7568 1924
7574 1925
7583 1926
7588 1927
7592 1928
7593 1929
7599 1930
7605 1931
7608 1932
7612 1933
7615 1934
7616 1935
7622 1936
7625 1937
7629 1938
7630 1939
7634 1940
7636 1941
7638 1942
7646 1943
7650 1944
7653 1945
7656 1946
7658 1947
7659 1948
7660 1949
7662 1950
7676 1951
7680 1952
7688 1953
7691 1954
7693 1955
7695 1956
7706 1957
7708 1958
7710 1959
7715 1960
7716 1961
7721 1962
7731 1963
7734 1964
7736 1965
7737 1966
7738 1967
7739 1968
7743 1969
7745 1970
7746 1971
7749 1972
7757 1973
7769 1974
7778 1975
7787 1976
7794 1977
7795 1978
7797 1979
7800 1980
7801 1981
7805 1982
7807 1983
7810 1984
7814 1985
7816 1986
7817 1987
7819 1988
7832 1989
7833 1990
7835 1991
7839 1992
7848 1993
7851 1994
7853 1995
7854 1996
7855 1997
7865 1998
7866 1999
7869 2000
7875 2001
7876 2002
7881 2003
7892 2004
7893 2005
7908 2006
7915 2007
7922 2008
7923 2009
7924 2010
7938 2011
7939 2012
7941 2013
7946 2014
7950 2015
7952 2016
7964 2017
7967 2018
7974 2019
7980 2020
7983 2021
7985 2022
7989 2023
8002 2024
8013 2025
8018 2026
8019 2027
8022 2028
8025 2029
8028 2030
8029 2031
8033 2032
8035 2033
8036 2034
8037 2035
8038 2036
8042 2037
8047 2038
8051 2039
8057 2040
8058 2041
8059 2042
8066 2043
8071 2044
8072 2045
8082 2046
8086 2047
8088 2048
8092 2049
8098 2050
8099 2051
8105 2052
8106 2053
8107 2054
8110 2055
8113 2056
8114 2057
8118 2058
8120 2059
8136 2060
8137 2061
8144 2062
8147 2063
8158 2064
8159 2065
8162 2066
8163 2067
8174 2068
8179 2069
8182 2070
8184 2071
8191 2072
8192 2073
8194 2074
8195 2075
8196 2076
8205 2077
8211 2078
8214 2079
8221 2080
8233 2081
8237 2082
8251 2083
8254 2084
8255 2085
8259 2086
8266 2087
8274 2088
8282 2089
8286 2090
8287 2091
8289 2092
8290 2093
8293 2094
8301 2095
8302 2096
8311 2097
8328 2098
8332 2099
8333 2100
8336 2101
8339 2102
8340 2103
8351 2104
8354 2105
8361 2106
8364 2107
8367 2108
8370 2109
8373 2110
8374 2111
8388 2112
8389 2113
8396 2114
8397 2115
8403 2116
8413 2117
8419 2118
8427 2119
8430 2120
8432 2121
8441 2122
8443 2123
8448 2124
8451 2125
8452 2126
8455 2127
8461 2128
8467 2129
8475 2130
8476 2131
8481 2132
8486 2133
8488 2134
8489 2135
8497 2136
8498 2137
8501 2138
8504 2139
8507 2140
8508 2141
8511 2142
8519 2143
8524 2144
8527 2145
8529 2146
8532 2147
8533 2148
8534 2149
8535 2150
8541 2151
8546 2152
8551 2153
8556 2154
8560 2155
8563 2156
8564 2157
8574 2158
8578 2159
8585 2160
8605 2161
8607 2162
8611 2163
8612 2164
8625 2165
8630 2166
8635 2167
8640 2168
8642 2169
8652 2170
8663 2171
8667 2172
8672 2173
8675 2174
8685 2175
8688 2176
8696 2177
8703 2178
8709 2179
8710 2180
8716 2181
8718 2182
8722 2183
8724 2184
8730 2185
8736 2186
8744 2187
8746 2188
8751 2189
8760 2190
8761 2191
8764 2192
8765 2193
8768 2194
8769 2195
8770 2196
8776 2197
8779 2198
8792 2199
8797 2200
8798 2201
8807 2202
8815 2203
8819 2204
8820 2205
8822 2206
8824 2207
8825 2208
8827 2209
8830 2210
8837 2211
8840 2212
8842 2213
8844 2214
8851 2215
8858 2216
8861 2217
8878 2218
8881 2219
8883 2220
8889 2221
8890 2222
8895 2223
8896 2224
8902 2225
8907 2226
8908 2227
8932 2228
8934 2229
8936 2230
8938 2231
8944 2232
8946 2233
8953 2234
8955 2235
8956 2236
8957 2237
8960 2238
8966 2239
8967 2240
8969 2241
8971 2242
8973 2243
8974 2244
8975 2245
8979 2246
8983 2247
8989 2248
8992 2249
8993 2250
8996 2251
9009 2252
9010 2253
9018 2254
9025 2255
9038 2256
9039 2257
9042 2258
9056 2259
9057 2260
9065 2261
9068 2262
9081 2263
9083 2264
9086 2265
9088 2266
9089 2267
9100 2268
9101 2269
9102 2270
9104 2271
9107 2272
9113 2273
9121 2274
9124 2275
9125 2276
9126 2277
9138 2278
9146 2279
9147 2280
9156 2281
9157 2282
9164 2283
9167 2284
9177 2285
9178 2286
9180 2287
9181 2288
9186 2289
9190 2290
9193 2291
9194 2292
9199 2293
9206 2294
9207 2295
9210 2296
9212 2297
9218 2298
9221 2299
9228 2300
9233 2301
9234 2302
9235 2303
9240 2304
9242 2305
9247 2306
9249 2307
9252 2308
9253 2309
9255 2310
9270 2311
9271 2312
9272 2313
9274 2314
9280 2315
9281 2316
9282 2317
9283 2318
9286 2319
9289 2320
9293 2321
9297 2322
9300 2323
9303 2324
9306 2325
9309 2326
9315 2327
9318 2328
9320 2329
9323 2330
9327 2331
9335 2332
9336 2333
9339 2334
9340 2335
9346 2336
9349 2337
9350 2338
9366 2339
9368 2340
9390 2341
9392 2342
9396 2343
9398 2344
9399 2345
9404 2346
9405 2347
9410 2348
9416 2349
9426 2350
9434 2351
9435 2352
9437 2353
9441 2354
9446 2355
9448 2356
9449 2357
9452 2358
9457 2359
9462 2360
9463 2361
9476 2362
9478 2363
9485 2364
9489 2365
9491 2366
9497 2367
9498 2368
9499 2369
9501 2370
9504 2371
9506 2372
9509 2373
9518 2374
9521 2375
9522 2376
9524 2377
9525 2378
9528 2379
9530 2380
9534 2381
9537 2382
9538 2383
9541 2384
9551 2385
9552 2386
9557 2387
9560 2388
9563 2389
9564 2390
9572 2391
9576 2392
9584 2393
9595 2394
9605 2395
9606 2396
9613 2397
9614 2398
9618 2399
9619 2400
9629 2401
9633 2402
9638 2403
9639 2404
9644 2405
9647 2406
9650 2407
9652 2408
9654 2409
9656 2410
9661 2411
9663 2412
9668 2413
9671 2414
9682 2415
9684 2416
9686 2417
9690 2418
9692 2419
9711 2420
9718 2421
9719 2422
9723 2423
9726 2424
9728 2425
9729 2426
9742 2427
9745 2428
9746 2429
9753 2430
9763 2431
9764 2432
9765 2433
9775 2434
9776 2435
9779 2436
9782 2437
9783 2438
9789 2439
9793 2440
9800 2441
9803 2442
9804 2443
9806 2444
9807 2445
9808 2446
9813 2447
9814 2448
9818 2449
9820 2450
9821 2451
9827 2452
9835 2453
9837 2454
9839 2455
9843 2456
9850 2457
9851 2458
9859 2459
9860 2460
9865 2461
9869 2462
9874 2463
9875 2464
9878 2465
9880 2466
9881 2467
9884 2468
9890 2469
9894 2470
9895 2471
9899 2472
9903 2473
9906 2474
9912 2475
9916 2476
9917 2477
9918 2478
9919 2479
9920 2480
9922 2481
9923 2482
9930 2483
9932 2484
9934 2485
9936 2486
9937 2487
9940 2488
9942 2489
9950 2490
9958 2491
9959 2492
9963 2493
9964 2494
9970 2495
9972 2496
9973 2497
9979 2498
9981 2499
9982 2500
9983 2501
9988 2502
9991 2503
9996 2504
9998 2505
9999 2506
10000 2507
10012 2508
10015 2509
10022 2510
10026 2511
10028 2512
10041 2513
10043 2514
10045 2515
10053 2516
10058 2517
10070 2518
10072 2519
10073 2520
10083 2521
10085 2522
10086 2523
10091 2524
10093 2525
10094 2526
10095 2527
10098 2528
10101 2529
10103 2530
10112 2531
10114 2532
10120 2533
10121 2534
10125 2535
10129 2536
10134 2537
10142 2538
10143 2539
10148 2540
10150 2541
10161 2542
10163 2543
10168 2544
10169 2545
10170 2546
10175 2547
10184 2548
10190 2549
10197 2550
10203 2551
10206 2552
10209 2553
10210 2554
10212 2555
10223 2556
10226 2557
10228 2558
10231 2559
10236 2560
10238 2561
10239 2562
10247 2563
10253 2564
10254 2565
10256 2566
10258 2567
10262 2568
10265 2569
10267 2570
10268 2571
10269 2572
10275 2573
10277 2574
10279 2575
10280 2576
10286 2577
10287 2578
10298 2579
10304 2580
10305 2581
10307 2582
10308 2583
10315 2584
10329 2585
10336 2586
10338 2587
10339 2588
10344 2589
10349 2590
10352 2591
10361 2592
10362 2593
10366 2594
10368 2595
10370 2596
10371 2597
10374 2598
10375 2599
10385 2600
10388 2601
10393 2602
10396 2603
10397 2604
10399 2605
10402 2606
10403 2607
10405 2608
10407 2609
10412 2610
10418 2611
10419 2612
10420 2613
10424 2614
10430 2615
10431 2616
10436 2617
10441 2618
10442 2619
10444 2620
10457 2621
10463 2622
10466 2623
10474 2624
10475 2625
10480 2626
10487 2627
10490 2628
10491 2629
10492 2630
10494 2631
10499 2632
10500 2633
10501 2634
10509 2635
10514 2636
10537 2637
10539 2638
10545 2639
10557 2640
10564 2641
10565 2642
10571 2643
10573 2644
10578 2645
10584 2646
10585 2647
10589 2648
10592 2649
10596 2650
10597 2651
10599 2652
10601 2653
10608 2654
10614 2655
10619 2656
10623 2657
10624 2658
10625 2659
10628 2660
10635 2661
10637 2662
10641 2663
10645 2664
10646 2665
10656 2666
10657 2667
10659 2668
10661 2669
10666 2670
10672 2671
10678 2672
10681 2673
10682 2674
10684 2675
10686 2676
10692 2677
10694 2678
10698 2679
10707 2680
10713 2681
10718 2682
10719 2683
10724 2684
10726 2685
10728 2686
10732 2687
10734 2688
10737 2689
10742 2690
10751 2691
10754 2692
10762 2693
10765 2694
10768 2695
10769 2696
10770 2697
10771 2698
10775 2699
10777 2700
10787 2701
10788 2702
10790 2703
10792 2704
10794 2705
10807 2706
10821 2707
10824 2708
10830 2709
10849 2710
10850 2711
10853 2712
10855 2713
10856 2714
10863 2715
10869 2716
10870 2717
10874 2718
10880 2719
10889 2720
10900 2721
10902 2722
10905 2723
10907 2724
10908 2725
10916 2726
10919 2727
10921 2728
10926 2729
10928 2730
10930 2731
10931 2732
10935 2733
10936 2734
10937 2735
10939 2736
10953 2737
10954 2738
10960 2739
10964 2740
10967 2741
10972 2742
10974 2743
10976 2744
10980 2745
10983 2746
10990 2747
10992 2748
10993 2749
10998 2750
11000 2751
11004 2752
11006 2753
11008 2754
11015 2755
11022 2756
11028 2757
11037 2758
11043 2759
11046 2760
11053 2761
11054 2762
11056 2763
11062 2764
11066 2765
11069 2766
11073 2767
11074 2768
11085 2769
11088 2770
11091 2771
11096 2772
11098 2773
11099 2774
11107 2775
11108 2776
11109 2777
11113 2778
11114 2779
11117 2780
11126 2781
11128 2782
11135 2783
11139 2784
11143 2785
11144 2786
11148 2787
11151 2788
11162 2789
11164 2790
11167 2791
11182 2792
11184 2793
11185 2794
11187 2795
11191 2796
11194 2797
11198 2798
11199 2799
11207 2800
11208 2801
11211 2802
11213 2803
11220 2804
11227 2805
11230 2806
11232 2807
11233 2808
11234 2809
11236 2810
11241 2811
11246 2812
11248 2813
11257 2814
11258 2815
11259 2816
11260 2817
11266 2818
11267 2819
11276 2820
11277 2821
11280 2822
11285 2823
11289 2824
11302 2825
11306 2826
11307 2827
11309 2828
11310 2829
11312 2830
11313 2831
11358 2832
11360 2833
11362 2834
11363 2835
11380 2836
11381 2837
11385 2838
11397 2839
11398 2840
11406 2841
11410 2842
11413 2843
11414 2844
11415 2845
11421 2846
11422 2847
11423 2848
11424 2849
11431 2850
11432 2851
11433 2852
11436 2853
11445 2854
11447 2855
11455 2856
11457 2857
11459 2858
11479 2859
11488 2860
11502 2861
11510 2862
11513 2863
11515 2864
11516 2865
11518 2866
11519 2867
11520 2868
11522 2869
11525 2870
11529 2871
11531 2872
11538 2873
11540 2874
11541 2875
11554 2876
11557 2877
11559 2878
11564 2879
11566 2880
11571 2881
11576 2882
11577 2883
11579 2884
11586 2885
11591 2886
11594 2887
11595 2888
11596 2889
11599 2890
11609 2891
11615 2892
11617 2893
11621 2894
11622 2895
11626 2896
11640 2897
11642 2898
11645 2899
11647 2900
11648 2901
11651 2902
11653 2903
11657 2904
11660 2905
11664 2906
11666 2907
11668 2908
11682 2909
11684 2910
11686 2911
11699 2912
11708 2913
11710 2914
11711 2915
11722 2916
11725 2917
11727 2918
11729 2919
11733 2920
11734 2921
11744 2922
11750 2923
11756 2924
11761 2925
11765 2926
11766 2927
11771 2928
11772 2929
11782 2930
11793 2931
11802 2932
11803 2933
11804 2934
11805 2935
11806 2936
11812 2937
11815 2938
11817 2939
11820 2940
11824 2941
11831 2942
11834 2943
11836 2944
11837 2945
11838 2946
11841 2947
11842 2948
11844 2949
11845 2950
11850 2951
11852 2952
11854 2953
11858 2954
11869 2955
11875 2956
11879 2957
11880 2958
11885 2959
11888 2960
11890 2961
11892 2962
11894 2963
11905 2964
11909 2965
11910 2966
11913 2967
11918 2968
11920 2969
11927 2970
11933 2971
11936 2972
11943 2973
11956 2974
11961 2975
11968 2976
11969 2977
11971 2978
11979 2979
11993 2980
12006 2981
12007 2982
12008 2983
12017 2984
12024 2985
12027 2986
12036 2987
12040 2988
12042 2989
12045 2990
12050 2991
12056 2992
12063 2993
12064 2994
12066 2995
12072 2996
12077 2997
12079 2998
12082 2999
12085 3000
12090 3001
12095 3002
12098 3003
12101 3004
12102 3005
12110 3006
12112 3007
12113 3008
12116 3009
12121 3010
12129 3011
12132 3012
12137 3013
12139 3014
12149 3015
12153 3016
12172 3017
12176 3018
12179 3019
12186 3020
12194 3021
12201 3022
12203 3023
12216 3024
12219 3025
12221 3026
12222 3027
12226 3028
12227 3029
12229 3030
12231 3031
12232 3032
12238 3033
12240 3034
12244 3035
12249 3036
12251 3037
12253 3038
12258 3039
12262 3040
12263 3041
12265 3042
12268 3043
12270 3044
12272 3045
12276 3046
12278 3047
12292 3048
12295 3049
12296 3050
12300 3051
12304 3052
12305 3053
12309 3054
12312 3055
12313 3056
12314 3057
12317 3058
12319 3059
12325 3060
12331 3061
12333 3062
12338 3063
12340 3064
12343 3065
12353 3066
12356 3067
12358 3068
12363 3069
12364 3070
12366 3071
12368 3072
12371 3073
12375 3074
12377 3075
12379 3076
12382 3077
12389 3078
12392 3079
12400 3080
12407 3081
12408 3082
12412 3083
12416 3084
12417 3085
12422 3086
12439 3087
12445 3088
12456 3089
12458 3090
12461 3091
12463 3092
12464 3093
12466 3094
12467 3095
12470 3096
12471 3097
12474 3098
12482 3099
12487 3100
12489 3101
12495 3102
12497 3103
12498 3104
12499 3105
12500 3106
12503 3107
12505 3108
12509 3109
12510 3110
12516 3111
12517 3112
12519 3113
12520 3114
12521 3115
12524 3116
12529 3117
12530 3118
12538 3119
12543 3120
12548 3121
12551 3122
12555 3123
12556 3124
12566 3125
12569 3126
12570 3127
12576 3128
12580 3129
12581 3130
12582 3131
12584 3132
12585 3133
12587 3134
12588 3135
12594 3136
12596 3137
12602 3138
12603 3139
12604 3140
12605 3141
12606 3142
12607 3143
12608 3144
12609 3145
12611 3146
12616 3147
12617 3148
12626 3149
12628 3150
12644 3151
12652 3152
12662 3153
12665 3154
12673 3155
12686 3156
12688 3157
12692 3158
12694 3159
12696 3160
12700 3161
12701 3162
12716 3163
12717 3164
12718 3165
12721 3166
12729 3167
12730 3168
12732 3169
12733 3170
12735 3171
12739 3172
12741 3173
12746 3174
12749 3175
12751 3176
12752 3177
12765 3178
12777 3179
12778 3180
12779 3181
12781 3182
12782 3183
12787 3184
12789 3185
12791 3186
12793 3187
12795 3188
12799 3189
12800 3190
12801 3191
12805 3192
12807 3193
12808 3194
12814 3195
12815 3196
12817 3197
12823 3198
12824 3199
12836 3200
12838 3201
12840 3202
12842 3203
12845 3204
12847 3205
12854 3206
12865 3207
12870 3208
12872 3209
12876 3210
12877 3211
12880 3212
12886 3213
12888 3214
12890 3215
12894 3216
12895 3217
12898 3218
12903 3219
12915 3220
12916 3221
12917 3222
12919 3223
12921 3224
12924 3225
12928 3226
12931 3227
12933 3228
12936 3229
12937 3230
12941 3231
12943 3232
12945 3233
12953 3234
12955 3235
12956 3236
12958 3237
12963 3238
12969 3239
12972 3240
12977 3241
12978 3242
12988 3243
12997 3244
12998 3245
13005 3246
13007 3247
13025 3248
13027 3249
13030 3250
13040 3251
13042 3252
13046 3253
13049 3254
13057 3255
13066 3256
13069 3257
13071 3258
13082 3259
13083 3260
13085 3261
13096 3262
13103 3263
13105 3264
13109 3265
13112 3266
13114 3267
13117 3268
13120 3269
13127 3270
13128 3271
13133 3272
13135 3273
13137 3274
13138 3275
13141 3276
13149 3277
13157 3278
13160 3279
13161 3280
13162 3281
13166 3282
13172 3283
13173 3284
13174 3285
13177 3286
13182 3287
13185 3288
13189 3289
13194 3290
13197 3291
13209 3292
13217 3293
13232 3294
13235 3295
13236 3296
13238 3297
13244 3298
13247 3299
13252 3300
13254 3301
13256 3302
13266 3303
13273 3304
13274 3305
13281 3306
13282 3307
13286 3308
13287 3309
13293 3310
13295 3311
13297 3312
13299 3313
13304 3314
13313 3315
13316 3316
13320 3317
13324 3318
13328 3319
13329 3320
13332 3321
13336 3322
13339 3323
13345 3324
13346 3325
13352 3326
13355 3327
13380 3328
13381 3329
13386 3330
13388 3331
13389 3332
13395 3333
13400 3334
13403 3335
13412 3336
13417 3337
13422 3338
13438 3339
13439 3340
13443 3341
13445 3342
13447 3343
13458 3344
13462 3345
13463 3346
13470 3347
13471 3348
13475 3349
13476 3350
13484 3351
13487 3352
13490 3353
13498 3354
13500 3355
13501 3356
13502 3357
13514 3358
13519 3359
13527 3360
13531 3361
13533 3362
13534 3363
13537 3364
13538 3365
13539 3366
13546 3367
13547 3368
13551 3369
13552 3370
13557 3371
13558 3372
13561 3373
13564 3374
13567 3375
13572 3376
13576 3377
13582 3378
13584 3379
13586 3380
13589 3381
13595 3382
13596 3383
13599 3384
13600 3385
13603 3386
13608 3387
13618 3388
13621 3389
13623 3390
13625 3391
13626 3392
13630 3393
13638 3394
13639 3395
13645 3396
13647 3397
13649 3398
13659 3399
13661 3400
13662 3401
13668 3402
13669 3403
13671 3404
13675 3405
13683 3406
13686 3407
13689 3408
13691 3409
13699 3410
13703 3411
13704 3412
13705 3413
13707 3414
13710 3415
13718 3416
13719 3417
13722 3418
13729 3419
13731 3420
13733 3421
13734 3422
13739 3423
13746 3424
13748 3425
13752 3426
13753 3427
13759 3428
13764 3429
13766 3430
13768 3431
13783 3432
13791 3433
13795 3434
13797 3435
13798 3436
13800 3437
13817 3438
13818 3439
13820 3440
13822 3441
13824 3442
13828 3443
13830 3444
13840 3445
13842 3446
13843 3447
13845 3448
13850 3449
13851 3450
13852 3451
13856 3452
13858 3453
13859 3454
13862 3455
13863 3456
13870 3457
13874 3458
13878 3459
13881 3460
13882 3461
13883 3462
13885 3463
13886 3464
13887 3465
13888 3466
13893 3467
13894 3468
13896 3469
13897 3470
13900 3471
13916 3472
13918 3473
13920 3474
13922 3475
13923 3476
13925 3477
13927 3478
13934 3479
13937 3480
13949 3481
13954 3482
13955 3483
13959 3484
13961 3485
13962 3486
13966 3487
13967 3488
13969 3489
13972 3490
13974 3491
13987 3492
13991 3493
13993 3494
13994 3495
13995 3496
13996 3497
14002 3498
14004 3499
14006 3500
14010 3501
14012 3502
14015 3503
14017 3504
14020 3505
14021 3506
14023 3507
14028 3508
14029 3509
14035 3510
14037 3511
14041 3512
14042 3513
14045 3514
14050 3515
14051 3516
14054 3517
14055 3518
14060 3519
14062 3520
14067 3521
14072 3522
14075 3523
14079 3524
14090 3525
14092 3526
14093 3527
14103 3528
14110 3529
14112 3530
14116 3531
14119 3532
14121 3533
14127 3534
14131 3535
14133 3536
14146 3537
14148 3538
14150 3539
14154 3540
14158 3541
14162 3542
14167 3543
14172 3544
14173 3545
14185 3546
14186 3547
14192 3548
14202 3549
14203 3550
14209 3551
14210 3552
14212 3553
14214 3554
14215 3555
14218 3556
14220 3557
14223 3558
14224 3559
14229 3560
14232 3561
14243 3562
14245 3563
14250 3564
14259 3565
14260 3566
14265 3567
14266 3568
14279 3569
14281 3570
14282 3571
14286 3572
14288 3573
14289 3574
14290 3575
14291 3576
14294 3577
14296 3578
14300 3579
14310 3580
14312 3581
14318 3582
14320 3583
14331 3584
14332 3585
14333 3586
14335 3587
14343 3588
14344 3589
14346 3590
14351 3591
14354 3592
14356 3593
14369 3594
14371 3595
14374 3596
14380 3597
14383 3598
14388 3599
14394 3600
14396 3601
14400 3602
14403 3603
14406 3604
14417 3605
14420 3606
14423 3607
14431 3608
14433 3609
14436 3610
14439 3611
14441 3612
14445 3613
14447 3614
14454 3615
14463 3616
14467 3617
14469 3618
14473 3619
14479 3620
14480 3621
14481 3622
14484 3623
14485 3624
14486 3625
14488 3626
14489 3627
14490 3628
14495 3629
14496 3630
14499 3631
14501 3632
14502 3633
14516 3634
14519 3635
14529 3636
14537 3637
14540 3638
14541 3639
14544 3640
14547 3641
14548 3642
14552 3643
14556 3644
14559 3645
14565 3646
14567 3647
14569 3648
14575 3649
14579 3650
14585 3651
14587 3652
14588 3653
14590 3654
14596 3655
14600 3656
14605 3657
14606 3658
14609 3659
14610 3660
14612 3661
14613 3662
14616 3663
14619 3664
14620 3665
14622 3666
14623 3667
14629 3668
14635 3669
14637 3670
14652 3671
14654 3672
14663 3673
14688 3674
14690 3675
14694 3676
14695 3677
14701 3678
14704 3679
14706 3680
14708 3681
14709 3682
14715 3683
14718 3684
14722 3685
14723 3686
14725 3687
14729 3688
14743 3689
14744 3690
14747 3691
14748 3692
14749 3693
14759 3694
14763 3695
14767 3696
14774 3697
14776 3698
14777 3699
14783 3700
14792 3701
14794 3702
14795 3703
14798 3704
14801 3705
14802 3706
14808 3707
14810 3708
14813 3709
14823 3710
14824 3711
14825 3712
14834 3713
14843 3714
14847 3715
14848 3716
14851 3717
14852 3718
14853 3719
14857 3720
14858 3721
14863 3722
14866 3723
14867 3724
14868 3725
14874 3726
14877 3727
14878 3728
14879 3729
14886 3730
14889 3731
14895 3732
14897 3733
14898 3734
14899 3735
14903 3736
14904 3737
14909 3738
14910 3739
14920 3740
14923 3741
14924 3742
14928 3743
14935 3744
14939 3745
14942 3746
14943 3747
14944 3748
14948 3749
14952 3750
14971 3751
14972 3752
14973 3753
14979 3754
14992 3755
14998 3756
14999 3757
15000 3758
15002 3759
15003 3760
15007 3761
15009 3762
15013 3763
15019 3764
15026 3765
15028 3766
15029 3767
15032 3768
15033 3769
15034 3770
15039 3771
15044 3772
15049 3773
15052 3774
15053 3775
15061 3776
15062 3777
15066 3778
15078 3779
15079 3780
15080 3781
15084 3782
15086 3783
15089 3784
15093 3785
15097 3786
15103 3787
15105 3788
15107 3789
15109 3790
15113 3791
15117 3792
15119 3793
15135 3794
15142 3795
15144 3796
15147 3797
15152 3798
15154 3799
15161 3800
15163 3801
15167 3802
15168 3803
15173 3804
15175 3805
15185 3806
15186 3807
15188 3808
15190 3809
15192 3810
15193 3811
15196 3812
15202 3813
15204 3814
15209 3815
15211 3816
15212 3817
15213 3818
15214 3819
15225 3820
15231 3821
15232 3822
15233 3823
15235 3824
15245 3825
15248 3826
15250 3827
15254 3828
15259 3829
15265 3830
15266 3831
15270 3832
15287 3833
15289 3834
15296 3835
15298 3836
15301 3837
15304 3838
15305 3839
15307 3840
15312 3841
15315 3842
15320 3843
15338 3844
15342 3845
15344 3846
15349 3847
15350 3848
15351 3849
15357 3850
15359 3851
15360 3852
15363 3853
15364 3854
15370 3855
15375 3856
15376 3857
15385 3858
15387 3859
15391 3860
15393 3861
15395 3862
15399 3863
15406 3864
15407 3865
15409 3866
15418 3867
15422 3868
15423 3869
15424 3870
15425 3871
15426 3872
15427 3873
15431 3874
15433 3875
15436 3876
15439 3877
15440 3878
15449 3879
15466 3880
15468 3881
15477 3882
15481 3883
15484 3884
15504 3885
15506 3886
15507 3887
15510 3888
15512 3889
15513 3890
15515 3891
15518 3892
15521 3893
15524 3894
15527 3895
15528 3896
15529 3897
15531 3898
15538 3899
15545 3900
15546 3901
15548 3902
15551 3903
15552 3904
15555 3905
15557 3906
15560 3907
15571 3908
15572 3909
15573 3910
15575 3911
15581 3912
15586 3913
15588 3914
15591 3915
15592 3916
15594 3917
15597 3918
15598 3919
15601 3920
15604 3921
15605 3922
15606 3923
15607 3924
15611 3925
15614 3926
15617 3927
15624 3928
15625 3929
15628 3930
15634 3931
15643 3932
15650 3933
15654 3934
15659 3935
15667 3936
15671 3937
15672 3938
15675 3939
15677 3940
15679 3941
15684 3942
15692 3943
15695 3944
15696 3945
15699 3946
15702 3947
15704 3948
15705 3949
15712 3950
15717 3951
15721 3952
15723 3953
15727 3954
15734 3955
15742 3956
15744 3957
15753 3958
15756 3959
15765 3960
15767 3961
15770 3962
15774 3963
15777 3964
15778 3965
15780 3966
15781 3967
15794 3968
15796 3969
15798 3970
15799 3971
15800 3972
15806 3973
15808 3974
15815 3975
15821 3976
15823 3977
15827 3978
15831 3979
15835 3980
15836 3981
15842 3982
15848 3983
15853 3984
15856 3985
15865 3986
15867 3987
15868 3988
15873 3989
15877 3990
15881 3991
15884 3992
15889 3993
15894 3994
15898 3995
15899 3996
15905 3997
15920 3998
15922 3999
15928 4000
15930 4001
15932 4002
15934 4003
15937 4004
15940 4005
15941 4006
15942 4007
15945 4008
15948 4009
15956 4010
15971 4011
15972 4012
15974 4013
15985 4014
15987 4015
15999 4016
16002 4017
16009 4018
16010 4019
16011 4020
16016 4021
16020 4022
16022 4023
16023 4024
16025 4025
16030 4026
16031 4027
16034 4028
16041 4029
16043 4030
16054 4031
16064 4032
16068 4033
16070 4034
16071 4035
16073 4036
16074 4037
16075 4038
16078 4039
16084 4040
16087 4041
16090 4042
16098 4043
16103 4044
16104 4045
16110 4046
16111 4047
16112 4048
16115 4049
16118 4050
16120 4051
16123 4052
16127 4053
16128 4054
16138 4055
16141 4056
16149 4057
16153 4058
16154 4059
16156 4060
16169 4061
16170 4062
16177 4063
16178 4064
16181 4065
16187 4066
16190 4067
16192 4068
16194 4069
16195 4070
16197 4071
16210 4072
16213 4073
16217 4074
16220 4075
16221 4076
16229 4077
16230 4078
16236 4079
16238 4080
16243 4081
16246 4082
16250 4083
16251 4084
16263 4085
16265 4086
16266 4087
16267 4088
16276 4089
16284 4090
16287 4091
16289 4092
16290 4093
16294 4094
16302 4095
16303 4096
16306 4097
16308 4098
16309 4099
16312 4100
16315 4101
16316 4102
16322 4103
16323 4104
16331 4105
16337 4106
16339 4107
16342 4108
16345 4109
16348 4110
16354 4111
16355 4112
16357 4113
16358 4114
16359 4115
16364 4116
16365 4117
16370 4118
16373 4119
16377 4120
16378 4121
16380 4122
16384 4123
16385 4124
16391 4125
16392 4126
16394 4127
16398 4128
16404 4129
16405 4130
16406 4131
16425 4132
16431 4133
16437 4134
16440 4135
16441 4136
16444 4137
16445 4138
16452 4139
16455 4140
16457 4141
16460 4142
16461 4143
16465 4144
16469 4145
16470 4146
16474 4147
16491 4148
16494 4149
16496 4150
16497 4151
16500 4152
16501 4153
16506 4154
16509 4155
16510 4156
16521 4157
16522 4158
16523 4159
16528 4160
16532 4161
16535 4162
16536 4163
16540 4164
16541 4165
16544 4166
16548 4167
16556 4168
16557 4169
16567 4170
16573 4171
16577 4172
16578 4173
16580 4174
16582 4175
16585 4176
16591 4177
16603 4178
16616 4179
16623 4180
16626 4181
16627 4182
16629 4183
16631 4184
16634 4185
16644 4186
16654 4187
16663 4188
16666 4189
16668 4190
16670 4191
16675 4192
16684 4193
16688 4194
16692 4195
16698 4196
16703 4197
16707 4198
16722 4199
16725 4200
16731 4201
16733 4202
16745 4203
16752 4204
16758 4205
16762 4206
16766 4207
16768 4208
16770 4209
16785 4210
16792 4211
16793 4212
16794 4213
16798 4214
16803 4215
16814 4216
16816 4217
16821 4218
16823 4219
16825 4220
16828 4221
16832 4222
16838 4223
16844 4224
16850 4225
16853 4226
16866 4227
16867 4228
16872 4229
16875 4230
16887 4231
16888 4232
16889 4233
16892 4234
16902 4235
16912 4236
16913 4237
16915 4238
16918 4239
16920 4240
16923 4241
16939 4242
16940 4243
16948 4244
16949 4245
16950 4246
16952 4247
16963 4248
16973 4249
16979 4250
16983 4251
16991 4252
16996 4253
17000 4254
17003 4255
17004 4256
17005 4257
17021 4258
17026 4259
17028 4260
17029 4261
17030 4262
17031 4263
17032 4264
17037 4265
17041 4266
17054 4267
17058 4268
17060 4269
17061 4270
17062 4271
17067 4272
17074 4273
17083 4274
17087 4275
17088 4276
17096 4277
17097 4278
17103 4279
17113 4280
17115 4281
17116 4282
17126 4283
17130 4284
17133 4285
17140 4286
17141 4287
17143 4288
17146 4289
17147 4290
17149 4291
17154 4292
17158 4293
17162 4294
17164 4295
17183 4296
17191 4297
17192 4298
17195 4299
17201 4300
17202 4301
17205 4302
17206 4303
17210 4304
17211 4305
17213 4306
17216 4307
17218 4308
17224 4309
17230 4310
17231 4311
17236 4312
17244 4313
17249 4314
17250 4315
17251 4316
17258 4317
17261 4318
17262 4319
17266 4320
17270 4321
17277 4322
17281 4323
17283 4324
17294 4325
17296 4326
17298 4327
17305 4328
17311 4329
17328 4330
17329 4331
17332 4332
17337 4333
17338 4334
17347 4335
17354 4336
17355 4337
17369 4338
17372 4339
17373 4340
17375 4341
17380 4342
17381 4343
17382 4344
17387 4345
17397 4346
17401 4347
17403 4348
17408 4349
17409 4350
17415 4351
17418 4352
17422 4353
17427 4354
17429 4355
17435 4356
17441 4357
17442 4358
17445 4359
17446 4360
17447 4361
17448 4362
17449 4363
17450 4364
17456 4365
17457 4366
17460 4367
17463 4368
17464 4369
17471 4370
17474 4371
17480 4372
17481 4373
17483 4374
17486 4375
17490 4376
17496 4377
17501 4378
17507 4379
17508 4380
17510 4381
17511 4382
17514 4383
17515 4384
17517 4385
17518 4386
17519 4387
17527 4388
17531 4389
17534 4390
17540 4391
17541 4392
17544 4393
17546 4394
17547 4395
17550 4396
17558 4397
17559 4398
17560 4399
17562 4400
17568 4401
17569 4402
17570 4403
17577 4404
17578 4405
17582 4406
17595 4407
17600 4408
17602 4409
17608 4410
17609 4411
17610 4412
17613 4413
17616 4414
17620 4415
17624 4416
17629 4417
17633 4418
17636 4419
17638 4420
17642 4421
17648 4422
17650 4423
17653 4424
17661 4425
17665 4426
17668 4427
17672 4428
17674 4429
17682 4430
17685 4431
17690 4432
17692 4433
17693 4434
17698 4435
17709 4436
17712 4437
17713 4438
17715 4439
17716 4440
17720 4441
17727 4442
17732 4443
17739 4444
17741 4445
17746 4446
17750 4447
17753 4448
17754 4449
17767 4450
17772 4451
17774 4452
17775 4453
17777 4454
17785 4455
17797 4456
17809 4457
17810 4458
17813 4459
17815 4460
17816 4461
17839 4462
17843 4463
17846 4464
17849 4465
17861 4466
17862 4467
17882 4468
17887 4469
17892 4470
17894 4471
17896 4472
17904 4473
17905 4474
17907 4475
17910 4476
17911 4477
17912 4478
17928 4479
17929 4480
17935 4481
17941 4482
17942 4483
17944 4484
17947 4485
17954 4486
17955 4487
17957 4488
17968 4489
17970 4490
17972 4491
17981 4492
17983 4493
17984 4494
17985 4495
17998 4496
18000 4497
18001 4498
18017 4499
18022 4500
18026 4501
18033 4502
18037 4503
18038 4504
18040 4505
18045 4506
18051 4507
18053 4508
18054 4509
18058 4510
18071 4511
18072 4512
18074 4513
18077 4514
18080 4515
18089 4516
18090 4517
18092 4518
18108 4519
18111 4520
18112 4521
18114 4522
18115 4523
18117 4524
18124 4525
18129 4526
18134 4527
18140 4528
18146 4529
18149 4530
18150 4531
18155 4532
18158 4533
18163 4534
18169 4535
18170 4536
18176 4537
18177 4538
18184 4539
18189 4540
18191 4541
18192 4542
18200 4543
18208 4544
18210 4545
18212 4546
18220 4547
18223 4548
18234 4549
18240 4550
18246 4551
18251 4552
18252 4553
18256 4554
18262 4555
18269 4556
18274 4557
18275 4558
18296 4559
18299 4560
18300 4561
18301 4562
18306 4563
18310 4564
18316 4565
18318 4566
18325 4567
18326 4568
18328 4569
18332 4570
18335 4571
18337 4572
18344 4573
18351 4574
18353 4575
18361 4576
18363 4577
18372 4578
18374 4579
18376 4580
18378 4581
18379 4582
18383 4583
18384 4584
18412 4585
18415 4586
18417 4587
18420 4588
18421 4589
18423 4590
18431 4591
18436 4592
18443 4593
18450 4594
18451 4595
18456 4596
18469 4597
18471 4598
18472 4599
18507 4600
18508 4601
18512 4602
18518 4603
18521 4604
18530 4605
18532 4606
18533 4607
18537 4608
18538 4609
18548 4610
18549 4611
18550 4612
18552 4613
18560 4614
18576 4615
18580 4616
18582 4617
18586 4618
18587 4619
18589 4620
18597 4621
18598 4622
18605 4623
18609 4624
18613 4625
18617 4626
18618 4627
18620 4628
18627 4629
18629 4630
18632 4631
18634 4632
18636 4633
18639 4634
18640 4635
18642 4636
18648 4637
18650 4638
18651 4639
18652 4640
18659 4641
18661 4642
18666 4643
18674 4644
18681 4645
18682 4646
18685 4647
18686 4648
18688 4649
18689 4650
18690 4651
18703 4652
18709 4653
18721 4654
18722 4655
18724 4656
18735 4657
18736 4658
18737 4659
18739 4660
18741 4661
18743 4662
18745 4663
18748 4664
18749 4665
18750 4666
18752 4667
18757 4668
18760 4669
18763 4670
18768 4671
18770 4672
18771 4673
18772 4674
18775 4675
18778 4676
18783 4677
18793 4678
18799 4679
18804 4680
18807 4681
18811 4682
18815 4683
18826 4684
18827 4685
18829 4686
18831 4687
18844 4688
18846 4689
18849 4690
18850 4691
18851 4692
18863 4693
18868 4694
18873 4695
18874 4696
18878 4697
18885 4698
18887 4699
18888 4700
18891 4701
18901 4702
18902 4703
18904 4704
18909 4705
18912 4706
18920 4707
18923 4708
18925 4709
18931 4710
18934 4711
18935 4712
18937 4713
18942 4714
18943 4715
18944 4716
18946 4717
18951 4718
18952 4719
18953 4720
18955 4721
18961 4722
18962 4723
18970 4724
18971 4725
18984 4726
18987 4727
18990 4728
18993 4729
18997 4730
19003 4731
19006 4732
19009 4733
19014 4734
19018 4735
19019 4736
19021 4737
19030 4738
19037 4739
19039 4740
19040 4741
19044 4742
19045 4743
19057 4744
19058 4745
19059 4746
19068 4747
19070 4748
19083 4749
19085 4750
19094 4751
19100 4752
19103 4753
19112 4754
19117 4755
19121 4756
19124 4757
19125 4758
19135 4759
19139 4760
19142 4761
19146 4762
19147 4763
19153 4764
19160 4765
19170 4766
19172 4767
19174 4768
19176 4769
19183 4770
19187 4771
19190 4772
19191 4773
19203 4774
19204 4775
19207 4776
19213 4777
19216 4778
19220 4779
19229 4780
19233 4781
19234 4782
19240 4783
19241 4784
19245 4785
19250 4786
19253 4787
19254 4788
19256 4789
19261 4790
19267 4791
19272 4792
19275 4793
19277 4794
19291 4795
19294 4796
19295 4797
19296 4798
19297 4799
19312 4800
19316 4801
19320 4802
19335 4803
19338 4804
19343 4805
19344 4806
19348 4807
19350 4808
19351 4809
19355 4810
19358 4811
19364 4812
19367 4813
19372 4814
19384 4815
19391 4816
19394 4817
19402 4818
19404 4819
19405 4820
19408 4821
19415 4822
19416 4823
19419 4824
19421 4825
19423 4826
19427 4827
19429 4828
19432 4829
19434 4830
19437 4831
19440 4832
19443 4833
19444 4834
19452 4835
19455 4836
19457 4837
19460 4838
19461 4839
19464 4840
19468 4841
19470 4842
19473 4843
19484 4844
19493 4845
19495 4846
19496 4847
19502 4848
19503 4849
19514 4850
19524 4851
19526 4852
19532 4853
19533 4854
19534 4855
19538 4856
19540 4857
19541 4858
19543 4859
19562 4860
19565 4861
19566 4862
19568 4863
19583 4864
19590 4865
19593 4866
19597 4867
19601 4868
19602 4869
19603 4870
19620 4871
19623 4872
19624 4873
19631 4874
19633 4875
19640 4876
19644 4877
19646 4878
19648 4879
19653 4880
19654 4881
19656 4882
19659 4883
19660 4884
19663 4885
19664 4886
19671 4887
19673 4888
19683 4889
19691 4890
19696 4891
19700 4892
19701 4893
19703 4894
19708 4895
19713 4896
19717 4897
19719 4898
19720 4899
19722 4900
19723 4901
19729 4902
19730 4903
19731 4904
19735 4905
19758 4906
19759 4907
19764 4908
19765 4909
19768 4910
19769 4911
19771 4912
19775 4913
19779 4914
19782 4915
19786 4916
19792 4917
19793 4918
19797 4919
19801 4920
19803 4921
19804 4922
19805 4923
19806 4924
19808 4925
19810 4926
19811 4927
19814 4928
19815 4929
19817 4930
19819 4931
19822 4932
19827 4933
19829 4934
19836 4935
19838 4936
19844 4937
19847 4938
19849 4939
19851 4940
19852 4941
19858 4942
19861 4943
19863 4944
19869 4945
19874 4946
19878 4947
19882 4948
19885 4949
19886 4950
19889 4951
19895 4952
19897 4953
19899 4954
19902 4955
19905 4956
19917 4957
19920 4958
19922 4959
19925 4960
19927 4961
19940 4962
19945 4963
19947 4964
19948 4965
19950 4966
19962 4967
19968 4968
19969 4969
19977 4970
19990 4971
19998 4972
20001 4973
20003 4974
20004 4975
20006 4976
20007 4977
20012 4978
20014 4979
20024 4980
20028 4981
20037 4982
20038 4983
20053 4984
20054 4985
20055 4986
20056 4987
20065 4988
20068 4989
20070 4990
20073 4991
20084 4992
20085 4993
20087 4994
20088 4995
20091 4996
20095 4997
20100 4998
20101 4999
20115 5000
20118 5001
20119 5002
20129 5003
20133 5004
20134 5005
20135 5006
20146 5007
20148 5008
20162 5009
20169 5010
20171 5011
20172 5012
20175 5013
20178 5014
20184 5015
20186 5016
20188 5017
20192 5018
20193 5019
20194 5020
20195 5021
20196 5022
20200 5023
20201 5024
20209 5025
20211 5026
20215 5027
20216 5028
20219 5029
20227 5030
20234 5031
20236 5032
20237 5033
20240 5034
20241 5035
20242 5036
20249 5037
20250 5038
20253 5039
20256 5040
20262 5041
20266 5042
20271 5043
20273 5044
20280 5045
20283 5046
20284 5047
20287 5048
20290 5049
20296 5050
20301 5051
20304 5052
20305 5053
20308 5054
20323 5055
20328 5056
20331 5057
20336 5058
20340 5059
20344 5060
20347 5061
20349 5062
20353 5063
20376 5064
20380 5065
20391 5066
20393 5067
20400 5068
20404 5069
20411 5070
20412 5071
20415 5072
20420 5073
20421 5074
20422 5075
20429 5076
20433 5077
20441 5078
20444 5079
20447 5080
20457 5081
20459 5082
20461 5083
20465 5084
20467 5085
20469 5086
20472 5087
20478 5088
20485 5089
20487 5090
20489 5091
20491 5092
20495 5093
20497 5094
20502 5095
20505 5096
20511 5097
20512 5098
20514 5099
20518 5100
20520 5101
20522 5102
20527 5103
20529 5104
20533 5105
20537 5106
20538 5107
20539 5108
20540 5109
20544 5110
20545 5111
20551 5112
20552 5113
20554 5114
20555 5115
20558 5116
20559 5117
20561 5118
20569 5119
20571 5120
20573 5121
20578 5122
20579 5123
20581 5124
20588 5125
20589 5126
20590 5127
20599 5128
20607 5129
20608 5130
20610 5131
20620 5132
20625 5133
20626 5134
20629 5135
20636 5136
20637 5137
20638 5138
20639 5139
20641 5140
20647 5141
20648 5142
20657 5143
20664 5144
20665 5145
20666 5146
20672 5147
20675 5148
20679 5149
20682 5150
20683 5151
20687 5152
20688 5153
20691 5154
20693 5155
20696 5156
20704 5157
20710 5158
20715 5159
20716 5160
20718 5161
20720 5162
20731 5163
20735 5164
20746 5165
20752 5166
20755 5167
20759 5168
20760 5169
20764 5170
20767 5171
20772 5172
20777 5173
20778 5174
20784 5175
20786 5176
20790 5177
20797 5178
20800 5179
20807 5180
20813 5181
20819 5182
20822 5183
20827 5184
20828 5185
20830 5186
20833 5187
20844 5188
20845 5189
20846 5190
20848 5191
20849 5192
20854 5193
20855 5194
20858 5195
20860 5196
20861 5197
20868 5198
20885 5199
20887 5200
20889 5201
20892 5202
20903 5203
20905 5204
20908 5205
20909 5206
20918 5207
20920 5208
20931 5209
20932 5210
20933 5211
20934 5212
20936 5213
20937 5214
20938 5215
20945 5216
20958 5217
20965 5218
20977 5219
20978 5220
20982 5221
20989 5222
20990 5223
20991 5224
21003 5225
21004 5226
21005 5227
21007 5228
21014 5229
21016 5230
21017 5231
21019 5232
21023 5233
21033 5234
21038 5235
21040 5236
21045 5237
21050 5238
21051 5239
21052 5240
21068 5241
21080 5242
21083 5243
21089 5244
21090 5245
21091 5246
21097 5247
21098 5248
21099 5249
21102 5250
21112 5251
21115 5252
21116 5253
21118 5254
21122 5255
21124 5256
21125 5257
21128 5258
21130 5259
21135 5260
21137 5261
21139 5262
21140 5263
21146 5264
21148 5265
21151 5266
21154 5267
21156 5268
21165 5269
21169 5270
21171 5271
21174 5272
21177 5273
21182 5274
21189 5275
21198 5276
21203 5277
21204 5278
21206 5279
21208 5280
21219 5281
21220 5282
21221 5283
21226 5284
21230 5285
21235 5286
21236 5287
21239 5288
21243 5289
21246 5290
21252 5291
21254 5292
21258 5293
21259 5294
21263 5295
21267 5296
21269 5297
21272 5298
21279 5299
21281 5300
21285 5301
21286 5302
21290 5303
21291 5304
21297 5305
21300 5306
21302 5307
21307 5308
21308 5309
21309 5310
21328 5311
21329 5312
21330 5313
21339 5314
21340 5315
21344 5316
21349 5317
21350 5318
21354 5319
21355 5320
21356 5321
21362 5322
21365 5323
21366 5324
21380 5325
21381 5326
21385 5327
21387 5328
21390 5329
21393 5330
21399 5331
21403 5332
21406 5333
21424 5334
21425 5335
21427 5336
21428 5337
21430 5338
21432 5339
21433 5340
21437 5341
21441 5342
21447 5343
21451 5344
21455 5345
21458 5346
21473 5347
21474 5348
21476 5349
21487 5350
21489 5351
21491 5352
21501 5353
21503 5354
21504 5355
21506 5356
21508 5357
21515 5358
21516 5359
21526 5360
21527 5361
21529 5362
21538 5363
21542 5364
21547 5365
21550 5366
21552 5367
21553 5368
21558 5369
21560 5370
21561 5371
21566 5372
21569 5373
21572 5374
21577 5375
21578 5376
21579 5377
21580 5378
21583 5379
21589 5380
21590 5381
21593 5382
21596 5383
21599 5384
21602 5385
21604 5386
21607 5387
21609 5388
21611 5389
21612 5390
21613 5391
21615 5392
21617 5393
21618 5394
21619 5395
21621 5396
21628 5397
21629 5398
21630 5399
21632 5400
21634 5401
21638 5402
21639 5403
21640 5404
21642 5405
21648 5406
21650 5407
21653 5408
21654 5409
21655 5410
21656 5411
21657 5412
21662 5413
21665 5414
21667 5415
21678 5416
21683 5417
21695 5418
21699 5419
21701 5420
21708 5421
21710 5422
21712 5423
21713 5424
21716 5425
21724 5426
21729 5427
21740 5428
21741 5429
21742 5430
21749 5431
21760 5432
21761 5433
21765 5434
21774 5435
21777 5436
21783 5437
21790 5438
21793 5439
21796 5440
21798 5441
21801 5442
21802 5443
21806 5444
21807 5445
21808 5446
21812 5447
21818 5448
21820 5449
21821 5450
21830 5451
21834 5452
21835 5453
21845 5454
21848 5455
21852 5456
21853 5457
21856 5458
21858 5459
21863 5460
21865 5461
21866 5462
21868 5463
21875 5464
21879 5465
21884 5466
21887 5467
21897 5468
21912 5469
21914 5470
21920 5471
21922 5472
21926 5473
21937 5474
21941 5475
21942 5476
21956 5477
21959 5478
21963 5479
21964 5480
21969 5481
21974 5482
21978 5483
21980 5484
21983 5485
21991 5486
21995 5487
21998 5488
22000 5489
22005 5490
22006 5491
22007 5492
22009 5493
22011 5494
22016 5495
22023 5496
22025 5497
22028 5498
22034 5499
22035 5500
22043 5501
22046 5502
22054 5503
22056 5504
22062 5505
22066 5506
22070 5507
22072 5508
22079 5509
22083 5510
22090 5511
22102 5512
22107 5513
22108 5514
22114 5515
22119 5516
22121 5517
22122 5518
22127 5519
22134 5520
22138 5521
22143 5522
22165 5523
22167 5524
22168 5525
22174 5526
22176 5527
22178 5528
22179 5529
22180 5530
22181 5531
22185 5532
22186 5533
22190 5534
22196 5535
22198 5536
22202 5537
22207 5538
22208 5539
22210 5540
22213 5541
22214 5542
22216 5543
22219 5544
22220 5545
22223 5546
22226 5547
22227 5548
22229 5549
22232 5550
22236 5551
22238 5552
22251 5553
22253 5554
22256 5555
22259 5556
22263 5557
22264 5558
22267 5559
22270 5560
22279 5561
22280 5562
22281 5563
22282 5564
22287 5565
22289 5566
22291 5567
22300 5568
22301 5569
22303 5570
22304 5571
22310 5572
22317 5573
22325 5574
22330 5575
22331 5576
22339 5577
22342 5578
22343 5579
22351 5580
22354 5581
22360 5582
22365 5583
22371 5584
22376 5585
22379 5586
22397 5587
22398 5588
22402 5589
22412 5590
22414 5591
22415 5592
22416 5593
22422 5594
22423 5595
22426 5596
22427 5597
22428 5598
22435 5599
22436 5600
22437 5601
22440 5602
22444 5603
22445 5604
22450 5605
22454 5606
22456 5607
22457 5608
22458 5609
22460 5610
22462 5611
22470 5612
22471 5613
22473 5614
22475 5615
22484 5616
22486 5617
22495 5618
22500 5619
22503 5620
22506 5621
22513 5622
22516 5623
22522 5624
22523 5625
22526 5626
22532 5627
22539 5628
22542 5629
22543 5630
22544 5631
22545 5632
22548 5633
22549 5634
22555 5635
22560 5636
22561 5637
22562 5638
22564 5639
22565 5640
22571 5641
22577 5642
22581 5643
22585 5644
22595 5645
22598 5646
22608 5647
22610 5648
22614 5649
22619 5650
22621 5651
22626 5652
22631 5653
22632 5654
22634 5655
22636 5656
22638 5657
22644 5658
22659 5659
22662 5660
22664 5661
22666 5662
22668 5663
22669 5664
22670 5665
22676 5666
22682 5667
22687 5668
22689 5669
22703 5670
22704 5671
22707 5672
22708 5673
22713 5674
22715 5675
22717 5676
22720 5677
22722 5678
22724 5679
22731 5680
22732 5681
22734 5682
22742 5683
22745 5684
22748 5685
22749 5686
22752 5687
22756 5688
22757 5689
22761 5690
22766 5691
22774 5692
22775 5693
22776 5694
22777 5695
22780 5696
22781 5697
22786 5698
22795 5699
22799 5700
22800 5701
22802 5702
22805 5703
22807 5704
22810 5705
22815 5706
22816 5707
22818 5708
22821 5709
22822 5710
22823 5711
22827 5712
22829 5713
22830 5714
22832 5715
22834 5716
22840 5717
22841 5718
22854 5719
22856 5720
22868 5721
22870 5722
22873 5723
22876 5724
22882 5725
22886 5726
22887 5727
22889 5728
22890 5729
22891 5730
22893 5731
22896 5732
22905 5733
22913 5734
22915 5735
22916 5736
22921 5737
22924 5738
22925 5739
22929 5740
22932 5741
22934 5742
22939 5743
22942 5744
22947 5745
22950 5746
22952 5747
22957 5748
22961 5749
22962 5750
22963 5751
22968 5752
22973 5753
22975 5754
22978 5755
22980 5756
22983 5757
23006 5758
23010 5759
23011 5760
23012 5761
23022 5762
23024 5763
23027 5764
23030 5765
23034 5766
23038 5767
23040 5768
23045 5769
23046 5770
23047 5771
23063 5772
23065 5773
23067 5774
23070 5775
23072 5776
23073 5777
23080 5778
23081 5779
23085 5780
23089 5781
23090 5782
23092 5783
23097 5784
23105 5785
23110 5786
23116 5787
23121 5788
23122 5789
23132 5790
23136 5791
23141 5792
23147 5793
23149 5794
23151 5795
23152 5796
23158 5797
23159 5798
23160 5799
23165 5800
23171 5801
23173 5802
23176 5803
23180 5804
23181 5805
23183 5806
23185 5807
23186 5808
23190 5809
23191 5810
23202 5811
23203 5812
23205 5813
23208 5814
23214 5815
23218 5816
23233 5817
23235 5818
23236 5819
23238 5820
23239 5821
23243 5822
23244 5823
23251 5824
23254 5825
23255 5826
23259 5827
23260 5828
23261 5829
23266 5830
23272 5831
23273 5832
23286 5833
23296 5834
23302 5835
23308 5836
23310 5837
23311 5838
23313 5839
23317 5840
23318 5841
23319 5842
23323 5843
23324 5844
23327 5845
23328 5846
23331 5847
23332 5848
23335 5849
23337 5850
23346 5851
23348 5852
23351 5853
23355 5854
23360 5855
23366 5856
23370 5857
23373 5858
23374 5859
23375 5860
23379 5861
23382 5862
23384 5863
23385 5864
23388 5865
23401 5866
23405 5867
23406 5868
23407 5869
23409 5870
23410 5871
23417 5872
23424 5873
23426 5874
23435 5875
23442 5876
23450 5877
23451 5878
23452 5879
23454 5880
23455 5881
23460 5882
23467 5883
23475 5884
23483 5885
23486 5886
23487 5887
23501 5888
23505 5889
23507 5890
23509 5891
23515 5892
23517 5893
23520 5894
23521 5895
23539 5896
23542 5897
23545 5898
23546 5899
23554 5900
23556 5901
23565 5902
23574 5903
23576 5904
23584 5905
23585 5906
23587 5907
23594 5908
23599 5909
23603 5910
23611 5911
23618 5912
23626 5913
23632 5914
23636 5915
23638 5916
23643 5917
23647 5918
23660 5919
23661 5920
23662 5921
23666 5922
23667 5923
23671 5924
23672 5925
23674 5926
23675 5927
23676 5928
23678 5929
23679 5930
23682 5931
23691 5932
23702 5933
23724 5934
23726 5935
23727 5936
23731 5937
23734 5938
23737 5939
23742 5940
23744 5941
23755 5942
23756 5943
23757 5944
23759 5945
23760 5946
23763 5947
23764 5948
23765 5949
23766 5950
23768 5951
23770 5952
23779 5953
23786 5954
23788 5955
23789 5956
23796 5957
23798 5958
23799 5959
23806 5960
23807 5961
23809 5962
23810 5963
23812 5964
23814 5965
23818 5966
23821 5967
23824 5968
23832 5969
23835 5970
23840 5971
23843 5972
23847 5973
23850 5974
23855 5975
23858 5976
23865 5977
23866 5978
23871 5979
23872 5980
23873 5981
23874 5982
23878 5983
23884 5984
23891 5985
23893 5986
23895 5987
23896 5988
23903 5989
23911 5990
23914 5991
23917 5992
23918 5993
23919 5994
23921 5995
23925 5996
23926 5997
23932 5998
23935 5999
23936 6000
23946 6001
23950 6002
23955 6003
23963 6004
23971 6005
23974 6006
23976 6007
23978 6008
23979 6009
23985 6010
23996 6011
24000 6012
24004 6013
24007 6014
24008 6015
24014 6016
24017 6017
24020 6018
24021 6019
24023 6020
24026 6021
24027 6022
24034 6023
24045 6024
24049 6025
24060 6026
24061 6027
24062 6028
24063 6029
24067 6030
24070 6031
24082 6032
24090 6033
24094 6034
24095 6035
24098 6036
24099 6037
24106 6038
24108 6039
24109 6040
24111 6041
24113 6042
24114 6043
24117 6044
24120 6045
24121 6046
24122 6047
24123 6048
24145 6049
24147 6050
24148 6051
24152 6052
24157 6053
24159 6054
24162 6055
24164 6056
24165 6057
24166 6058
24173 6059
24174 6060
24175 6061
24176 6062
24179 6063
24180 6064
24183 6065
24193 6066
24199 6067
24208 6068
24209 6069
24214 6070
24221 6071
24222 6072
24223 6073
24227 6074
24230 6075
24234 6076
24237 6077
24242 6078
24243 6079
24248 6080
24250 6081
24261 6082
24265 6083
24267 6084
24271 6085
24282 6086
24290 6087
24291 6088
24295 6089
24298 6090
24303 6091
24307 6092
24310 6093
24315 6094
24320 6095
24325 6096
24329 6097
24333 6098
24336 6099
24340 6100
24342 6101
24344 6102
24345 6103
24346 6104
24351 6105
24358 6106
24360 6107
24364 6108
24372 6109
24376 6110
24378 6111
24385 6112
24387 6113
24388 6114
24392 6115
24394 6116
24399 6117
24404 6118
24412 6119
24418 6120
24419 6121
24423 6122
24430 6123
24432 6124
24437 6125
24442 6126
24443 6127
24444 6128
24449 6129
24451 6130
24459 6131
24461 6132
24468 6133
24478 6134
24479 6135
24480 6136
24487 6137
24490 6138
24495 6139
24504 6140
24518 6141
24519 6142
24522 6143
24532 6144
24534 6145
24546 6146
24547 6147
24551 6148
24554 6149
24557 6150
24565 6151
24567 6152
24570 6153
24573 6154
24587 6155
24590 6156
24594 6157
24595 6158
24597 6159
24599 6160
24611 6161
24612 6162
24613 6163
24617 6164
24618 6165
24623 6166
24626 6167
24627 6168
24628 6169
24629 6170
24632 6171
24634 6172
24636 6173
24637 6174
24640 6175
24645 6176
24646 6177
24650 6178
24654 6179
24655 6180
24656 6181
24658 6182
24659 6183
24662 6184
24664 6185
24666 6186
24670 6187
24673 6188
24676 6189
24678 6190
24679 6191
24681 6192
24682 6193
24690 6194
24704 6195
24705 6196
24707 6197
24712 6198
24719 6199
24725 6200
24734 6201
24738 6202
24739 6203
24747 6204
24752 6205
24755 6206
24760 6207
24764 6208
24776 6209
24782 6210
24783 6211
24788 6212
24790 6213
24794 6214
24795 6215
24802 6216
24806 6217
24807 6218
24809 6219
24813 6220
24816 6221
24823 6222
24825 6223
24828 6224
24829 6225
24830 6226
24831 6227
24836 6228
24851 6229
24852 6230
24854 6231
24866 6232
24868 6233
24871 6234
24876 6235
24877 6236
24888 6237
24906 6238
24909 6239
24914 6240
24918 6241
24919 6242
24921 6243
24932 6244
24933 6245
24940 6246
24941 6247
24944 6248
24948 6249
24949 6250
24954 6251
24958 6252
24959 6253
24964 6254
24966 6255
24967 6256
24968 6257
24975 6258
24978 6259
24983 6260
24984 6261
24988 6262
24996 6263
25000 6264
25001 6265
25002 6266
25004 6267
25007 6268
25009 6269
25016 6270
25019 6271
25021 6272
25024 6273
25025 6274
25030 6275
25033 6276
25035 6277
25037 6278
25042 6279
25048 6280
25052 6281
25057 6282
25058 6283
25061 6284
25064 6285
25066 6286
25072 6287
25073 6288
25080 6289
25081 6290
25082 6291
25084 6292
25099 6293
25106 6294
25110 6295
25111 6296
25114 6297
25115 6298
25116 6299
25117 6300
25124 6301
25128 6302
25134 6303
25136 6304
25150 6305
25151 6306
25152 6307
25160 6308
25163 6309
25164 6310
25165 6311
25174 6312
25175 6313
25177 6314
25181 6315
25182 6316
25185 6317
25186 6318
25187 6319
25189 6320
25199 6321
25202 6322
25203 6323
25205 6324
25210 6325
25214 6326
25220 6327
25222 6328
25223 6329
25227 6330
25232 6331
25233 6332
25234 6333
25235 6334
25236 6335
25242 6336
25243 6337
25247 6338
25260 6339
25263 6340
25272 6341
25273 6342
25275 6343
25277 6344
25283 6345
25284 6346
25291 6347
25294 6348
25296 6349
25309 6350
25310 6351
25315 6352
25322 6353
25334 6354
25335 6355
25341 6356
25348 6357
25351 6358
25352 6359
25354 6360
25358 6361
25366 6362
25367 6363
25368 6364
25382 6365
25385 6366
25397 6367
25398 6368
25405 6369
25408 6370
25411 6371
25412 6372
25419 6373
25423 6374
25427 6375
25429 6376
25434 6377
25435 6378
25450 6379
25453 6380
25461 6381
25464 6382
25465 6383
25468 6384
25482 6385
25486 6386
25496 6387
25510 6388
25511 6389
25514 6390
25515 6391
25517 6392
25519 6393
25520 6394
25522 6395
25525 6396
25526 6397
25529 6398
25533 6399
25537 6400
25538 6401
25541 6402
25542 6403
25543 6404
25547 6405
25553 6406
25581 6407
25583 6408
25585 6409
25589 6410
25601 6411
25603 6412
25609 6413
25610 6414
25612 6415
25613 6416
25625 6417
25628 6418
25629 6419
25632 6420
25635 6421
25636 6422
25641 6423
25643 6424
25645 6425
25647 6426
25648 6427
25650 6428
25651 6429
25653 6430
25655 6431
25661 6432
25675 6433
25682 6434
25683 6435
25689 6436
25691 6437
25695 6438
25699 6439
25700 6440
25711 6441
25715 6442
25717 6443
25719 6444
25721 6445
25723 6446
25729 6447
25731 6448
25734 6449
25735 6450
25739 6451
25751 6452
25754 6453
25761 6454
25772 6455
25775 6456
25780 6457
25782 6458
25785 6459
25786 6460
25787 6461
25789 6462
25793 6463
25795 6464
25798 6465
25799 6466
25801 6467
25803 6468
25811 6469
25813 6470
25827 6471
25832 6472
25845 6473
25846 6474
25847 6475
25851 6476
25860 6477
25862 6478
25864 6479
25865 6480
25867 6481
25870 6482
25871 6483
25873 6484
25875 6485
25882 6486
25887 6487
25893 6488
25894 6489
25896 6490
25907 6491
25912 6492
25919 6493
25920 6494
25921 6495
25922 6496
25926 6497
25928 6498
25942 6499
25945 6500
25948 6501
25949 6502
25956 6503
25960 6504
25963 6505
25965 6506
25966 6507
25967 6508
25973 6509
25976 6510
25986 6511
25987 6512
25988 6513
25994 6514
26000 6515
26003 6516
26007 6517
26019 6518
26021 6519
26029 6520
26032 6521
26033 6522
26036 6523
26037 6524
26047 6525
26049 6526
26054 6527
26055 6528
26056 6529
26057 6530
26061 6531
26067 6532
26070 6533
26071 6534
26074 6535
26076 6536
26082 6537
26088 6538
26092 6539
26096 6540
26099 6541
26102 6542
26103 6543
26107 6544
26108 6545
26113 6546
26116 6547
26117 6548
26123 6549
26124 6550
26126 6551
26137 6552
26139 6553
26149 6554
26152 6555
26153 6556
26156 6557
26179 6558
26181 6559
26182 6560
26183 6561
26186 6562
26187 6563
26193 6564
26198 6565
26199 6566
26200 6567
26203 6568
26206 6569
26208 6570
26210 6571
26211 6572
26214 6573
26216 6574
26217 6575
26224 6576
26227 6577
26236 6578
26246 6579
26247 6580
26248 6581
26250 6582
26251 6583
26253 6584
26256 6585
26265 6586
26272 6587
26279 6588
26281 6589
26288 6590
26290 6591
26291 6592
26292 6593
26294 6594
26298 6595
26306 6596
26319 6597
26320 6598
26330 6599
26335 6600
26337 6601
26345 6602
26349 6603
26354 6604
26357 6605
26360 6606
26362 6607
26363 6608
26365 6609
26366 6610
26376 6611
26383 6612
26385 6613
26387 6614
26390 6615
26400 6616
26405 6617
26407 6618
26409 6619
26412 6620
26413 6621
26416 6622
26419 6623
26422 6624
26425 6625
26433 6626
26437 6627
26441 6628
26444 6629
26447 6630
26449 6631
26450 6632
26452 6633
26454 6634
26456 6635
26457 6636
26458 6637
26459 6638
26460 6639
26465 6640
26471 6641
26475 6642
26478 6643
26487 6644
26490 6645
26499 6646
26502 6647
26505 6648
26507 6649
26514 6650
26519 6651
26522 6652
26525 6653
26527 6654
26532 6655
26536 6656
26537 6657
26542 6658
26548 6659
26549 6660
26558 6661
26566 6662
26569 6663
26574 6664
26575 6665
26579 6666
26581 6667
26589 6668
26591 6669
26600 6670
26602 6671
26603 6672
26604 6673
26605 6674
26615 6675
26616 6676
26619 6677
26624 6678
26628 6679
26633 6680
26634 6681
26635 6682
26641 6683
26643 6684
26644 6685
26653 6686
26654 6687
26670 6688
26675 6689
26678 6690
26684 6691
26688 6692
26691 6693
26694 6694
26699 6695
26701 6696
26708 6697
26709 6698
26711 6699
26725 6700
26728 6701
26734 6702
26737 6703
26740 6704
26747 6705
26750 6706
26761 6707
26765 6708
26769 6709
26772 6710
26775 6711
26776 6712
26781 6713
26785 6714
26786 6715
26787 6716
26789 6717
26790 6718
26797 6719
26803 6720
26809 6721
26810 6722
26813 6723
26817 6724
26821 6725
26823 6726
26831 6727
26841 6728
26842 6729
26854 6730
26856 6731
26857 6732
26865 6733
26872 6734
26873 6735
26874 6736
26877 6737
26878 6738
26883 6739
26891 6740
26893 6741
26894 6742
26896 6743
26901 6744
26906 6745
26911 6746
26912 6747
26914 6748
26921 6749
26923 6750
26925 6751
26926 6752
26930 6753
26936 6754
26939 6755
26940 6756
26951 6757
26952 6758
26954 6759
26958 6760
26960 6761
26961 6762
26962 6763
26969 6764
26974 6765
26975 6766
26978 6767
26981 6768
26988 6769
26991 6770
26992 6771
26994 6772
26997 6773
27003 6774
27011 6775
27013 6776
27014 6777
27022 6778
27023 6779
27029 6780
27030 6781
27035 6782
27038 6783
27041 6784
27042 6785
27044 6786
27045 6787
27046 6788
27063 6789
27066 6790
27072 6791
27074 6792
27082 6793
27089 6794
27091 6795
27092 6796
27093 6797
27095 6798
27099 6799
27106 6800
27107 6801
27114 6802
27119 6803
27121 6804
27123 6805
27124 6806
27126 6807
27130 6808
27137 6809
27138 6810
27144 6811
27146 6812
27149 6813
27151 6814
27156 6815
27164 6816
27166 6817
27177 6818
27178 6819
27179 6820
27183 6821
27187 6822
27193 6823
27194 6824
27197 6825
27201 6826
27202 6827
27204 6828
27207 6829
27210 6830
27217 6831
27220 6832
27221 6833
27222 6834
27224 6835
27228 6836
27230 6837
27243 6838
27249 6839
27251 6840
27252 6841
27254 6842
27259 6843
27264 6844
27270 6845
27272 6846
27273 6847
27277 6848
27278 6849
27281 6850
27298 6851
27300 6852
27302 6853
27304 6854
27305 6855
27316 6856
27318 6857
27322 6858
27323 6859
27327 6860
27336 6861
27340 6862
27343 6863
27347 6864
27350 6865
27352 6866
27354 6867
27355 6868
27359 6869
27364 6870
27368 6871
27371 6872
27372 6873
27376 6874
27378 6875
27379 6876
27383 6877
27389 6878
27390 6879
27391 6880
27396 6881
27399 6882
27400 6883
27407 6884
27408 6885
27415 6886
27416 6887
27417 6888
27418 6889
27424 6890
27425 6891
27426 6892
27430 6893
27433 6894
27434 6895
27437 6896
27446 6897
27451 6898
27460 6899
27461 6900
27462 6901
27463 6902
27465 6903
27476 6904
27482 6905
27495 6906
27497 6907
27503 6908
27507 6909
27509 6910
27510 6911
27518 6912
27523 6913
27531 6914
27534 6915
27537 6916
27539 6917
27546 6918
27547 6919
27549 6920
27553 6921
27555 6922
27559 6923
27560 6924
27563 6925
27567 6926
27569 6927
27571 6928
27573 6929
27574 6930
27575 6931
27576 6932
27577 6933
27582 6934
27585 6935
27587 6936
27593 6937
27603 6938
27605 6939
27612 6940
27615 6941
27617 6942
27620 6943
27623 6944
27633 6945
27634 6946
27636 6947
27640 6948
27649 6949
27651 6950
27657 6951
27660 6952
27662 6953
27663 6954
27664 6955
27673 6956
27679 6957
27682 6958
27684 6959
27688 6960
27695 6961
27698 6962
27705 6963
27714 6964
27716 6965
27717 6966
27720 6967
27724 6968
27726 6969
27729 6970
27748 6971
27752 6972
27753 6973
27760 6974
27761 6975
27765 6976
27766 6977
27768 6978
27769 6979
27770 6980
27771 6981
27773 6982
27775 6983
27780 6984
27781 6985
27789 6986
27791 6987
27792 6988
27804 6989
27806 6990
27807 6991
27814 6992
27823 6993
27824 6994
27829 6995
27834 6996
27839 6997
27844 6998
27845 6999
27847 7000
27861 7001
27863 7002
27864 7003
27881 7004
27883 7005
27885 7006
27889 7007
27895 7008
27896 7009
27900 7010
27906 7011
27912 7012
27914 7013
27920 7014
27921 7015
27922 7016
27927 7017
27929 7018
27934 7019
27935 7020
27937 7021
27940 7022
27941 7023
27943 7024
27946 7025
27952 7026
27962 7027
27963 7028
27970 7029
27974 7030
27977 7031
27978 7032
27982 7033
27988 7034
27995 7035
28005 7036
28013 7037
28016 7038
28021 7039
28028 7040
28030 7041
28036 7042
28038 7043
28042 7044
28043 7045
28060 7046
28063 7047
28074 7048
28076 7049
28081 7050
28085 7051
28089 7052
28099 7053
28103 7054
28108 7055
28109 7056
28110 7057
28112 7058
28126 7059
28139 7060
28145 7061
28149 7062
28159 7063
28161 7064
28164 7065
28166 7066
28169 7067
28172 7068
28178 7069
28185 7070
28186 7071
28189 7072
28190 7073
28192 7074
28193 7075
28202 7076
28203 7077
28206 7078
28210 7079
28216 7080
28218 7081
28221 7082
28222 7083
28243 7084
28246 7085
28252 7086
28262 7087
28265 7088
28268 7089
28269 7090
28274 7091
28275 7092
28277 7093
28282 7094
28290 7095
28292 7096
28308 7097
28311 7098
28314 7099
28317 7100
28320 7101
28323 7102
28331 7103
28338 7104
28341 7105
28349 7106
28351 7107
28366 7108
28382 7109
28390 7110
28391 7111
28402 7112
28403 7113
28404 7114
28406 7115
28408 7116
28414 7117
28415 7118
28420 7119
28423 7120
28425 7121
28427 7122
28428 7123
28436 7124
28440 7125
28446 7126
28453 7127
28462 7128
28464 7129
28466 7130
28467 7131
28469 7132
28473 7133
28477 7134
28478 7135
28489 7136
28491 7137
28492 7138
28494 7139
28504 7140
28514 7141
28517 7142
28522 7143
28524 7144
28526 7145
28530 7146
28535 7147
28545 7148
28548 7149
28550 7150
28551 7151
28556 7152
28559 7153
28563 7154
28566 7155
28567 7156
28569 7157
28577 7158
28583 7159
28587 7160
28588 7161
28589 7162
28593 7163
28596 7164
28597 7165
28606 7166
28625 7167
28627 7168
28635 7169
28639 7170
28645 7171
28647 7172
28648 7173
28649 7174
28653 7175
28670 7176
28671 7177
28685 7178
28694 7179
28697 7180
28698 7181
28701 7182
28720 7183
28721 7184
28739 7185
28742 7186
28743 7187
28747 7188
28751 7189
28756 7190
28762 7191
28763 7192
28764 7193
28769 7194
28774 7195
28780 7196
28788 7197
28792 7198
28806 7199
28809 7200
28813 7201
28823 7202
28833 7203
28835 7204
28839 7205
28840 7206
28854 7207
28860 7208
28863 7209
28864 7210
28877 7211
28878 7212
28891 7213
28892 7214
28893 7215
28895 7216
28906 7217
28908 7218
28910 7219
28911 7220
28914 7221
28919 7222
28924 7223
28931 7224
28938 7225
28941 7226
28944 7227
28945 7228
28947 7229
28953 7230
28955 7231
28957 7232
28960 7233
28964 7234
28966 7235
28969 7236
28975 7237
28977 7238
28979 7239
28980 7240
28983 7241
28985 7242
28996 7243
28998 7244
29004 7245
29006 7246
29024 7247
29029 7248
29034 7249
29045 7250
29047 7251
29057 7252
29058 7253
29062 7254
29064 7255
29068 7256
29070 7257
29073 7258
29084 7259
29091 7260
29092 7261
29097 7262
29098 7263
29103 7264
29104 7265
29117 7266
29122 7267
29132 7268
29136 7269
29140 7270
29142 7271
29145 7272
29149 7273
29157 7274
29158 7275
29160 7276
29162 7277
29166 7278
29176 7279
29179 7280
29184 7281
29185 7282
29192 7283
29194 7284
29201 7285
29202 7286
29205 7287
29208 7288
29213 7289
29214 7290
29222 7291
29223 7292
29225 7293
29230 7294
29233 7295
29237 7296
29243 7297
29245 7298
29251 7299
29256 7300
29261 7301
29266 7302
29271 7303
29272 7304
29273 7305
29276 7306
29279 7307
29280 7308
29284 7309
29287 7310
29293 7311
29295 7312
29297 7313
29298 7314
29299 7315
29305 7316
29311 7317
29318 7318
29323 7319
29325 7320
29329 7321
29332 7322
29334 7323
29340 7324
29347 7325
29350 7326
29352 7327
29353 7328
29356 7329
29357 7330
29358 7331
29359 7332
29360 7333
29365 7334
29367 7335
29369 7336
29370 7337
29372 7338
29373 7339
29374 7340
29375 7341
29376 7342
29380 7343
29386 7344
29391 7345
29392 7346
29395 7347
29398 7348
29410 7349
29413 7350
29415 7351
29416 7352
29417 7353
29421 7354
29423 7355
29428 7356
29431 7357
29433 7358
29434 7359
29437 7360
29438 7361
29443 7362
29446 7363
29452 7364
29453 7365
29456 7366
29458 7367
29473 7368
29476 7369
29483 7370
29487 7371
29488 7372
29491 7373
29501 7374
29509 7375
29523 7376
29526 7377
29534 7378
29539 7379
29552 7380
29556 7381
29557 7382
29563 7383
29566 7384
29570 7385
29571 7386
29577 7387
29581 7388
29585 7389
29596 7390
29597 7391
29599 7392
29600 7393
29602 7394
29608 7395
29611 7396
29616 7397
29618 7398
29619 7399
29621 7400
29638 7401
29640 7402
29642 7403
29643 7404
29649 7405
29650 7406
29652 7407
29653 7408
29671 7409
29673 7410
29676 7411
29678 7412
29688 7413
29689 7414
29693 7415
29707 7416
29712 7417
29718 7418
29719 7419
29720 7420
29721 7421
29725 7422
29726 7423
29730 7424
29735 7425
29739 7426
29740 7427
29743 7428
29746 7429
29747 7430
29750 7431
29756 7432
29758 7433
29761 7434
29768 7435
29775 7436
29782 7437
29786 7438
29787 7439
29789 7440
29791 7441
29792 7442
29802 7443
29804 7444
29805 7445
29808 7446
29809 7447
29810 7448
29813 7449
29815 7450
29819 7451
29823 7452
29827 7453
29828 7454
29838 7455
29839 7456
29843 7457
29846 7458
29849 7459
29855 7460
29858 7461
29864 7462
29869 7463
29870 7464
29871 7465
29874 7466
29880 7467
29892 7468
29903 7469
29904 7470
29906 7471
29907 7472
29912 7473
29914 7474
29921 7475
29923 7476
29927 7477
29928 7478
29941 7479
29942 7480
29945 7481
29946 7482
29964 7483
29966 7484
29968 7485
29978 7486
29984 7487
29986 7488
29988 7489
29992 7490
29993 7491
29999 7492
30001 7493
30002 7494
30007 7495
30011 7496
30016 7497
30018 7498
30020 7499
30021 7500
30023 7501
30026 7502
30036 7503
30037 7504
30043 7505
30048 7506
30049 7507
30051 7508
30053 7509
30056 7510
30068 7511
30071 7512
30082 7513
30087 7514
30094 7515
30097 7516
30100 7517
30103 7518
30114 7519
30118 7520
30120 7521
30123 7522
30125 7523
30126 7524
30129 7525
30132 7526
30136 7527
30142 7528
30146 7529
30150 7530
30159 7531
30161 7532
30166 7533
30172 7534
30175 7535
30177 7536
30182 7537
30183 7538
30189 7539
30190 7540
30191 7541
30193 7542
30195 7543
30197 7544
30200 7545
30206 7546
30210 7547
30220 7548
30221 7549
30223 7550
30225 7551
30227 7552
30233 7553
30235 7554
30237 7555
30240 7556
30241 7557
30246 7558
30252 7559
30253 7560
30256 7561
30258 7562
30260 7563
30261 7564
30265 7565
30274 7566
30282 7567
30284 7568
30286 7569
30291 7570
30292 7571
30293 7572
30294 7573
30298 7574
30306 7575
30310 7576
30320 7577
30324 7578
30326 7579
30330 7580
30333 7581
30335 7582
30338 7583
30344 7584
30346 7585
30350 7586
30352 7587
30354 7588
30359 7589
30361 7590
30365 7591
30367 7592
30368 7593
30370 7594
30371 7595
30376 7596
30379 7597
30380 7598
30384 7599
30386 7600
30387 7601
30392 7602
30393 7603
30396 7604
30401 7605
30403 7606
30406 7607
30411 7608
30413 7609
30420 7610
30422 7611
30423 7612
30425 7613
30428 7614
30443 7615
30444 7616
30446 7617
30451 7618
30455 7619
30459 7620
30467 7621
30470 7622
30472 7623
30479 7624
30482 7625
30484 7626
30485 7627
30490 7628
30494 7629
30502 7630
30503 7631
30504 7632
30505 7633
30515 7634
30521 7635
30522 7636
30523 7637
30528 7638
30533 7639
30534 7640
30538 7641
30542 7642
30544 7643
30550 7644
30552 7645
30554 7646
30555 7647
30562 7648
30563 7649
30566 7650
30573 7651
30576 7652
30577 7653
30578 7654
30579 7655
30580 7656
30582 7657
30589 7658
30590 7659
30593 7660
30597 7661
30600 7662
30601 7663
30603 7664
30606 7665
30609 7666
30619 7667
30621 7668
30624 7669
30625 7670
30629 7671
30634 7672
30637 7673
30649 7674
30658 7675
30671 7676
30672 7677
30673 7678
30680 7679
30695 7680
30713 7681
30715 7682
30718 7683
30723 7684
30727 7685
30728 7686
30729 7687
30730 7688
30731 7689
30733 7690
30734 7691
30737 7692
30738 7693
30740 7694
30755 7695
30756 7696
30759 7697
30761 7698
30766 7699
30771 7700
30773 7701
30777 7702
30781 7703
30790 7704
30795 7705
30798 7706
30800 7707
30806 7708
30809 7709
30817 7710
30818 7711
30821 7712
30830 7713
30833 7714
30840 7715
30841 7716
30844 7717
30850 7718
30851 7719
30854 7720
30855 7721
30856 7722
30861 7723
30868 7724
30870 7725
30886 7726
30889 7727
30891 7728
30896 7729
30899 7730
30906 7731
30908 7732
30909 7733
30910 7734
30916 7735
30926 7736
30929 7737
30930 7738
30931 7739
30937 7740
30938 7741
30941 7742
30949 7743
30956 7744
30963 7745
30965 7746
30968 7747
30969 7748
30970 7749
30971 7750
30974 7751
30978 7752
30981 7753
30992 7754
30993 7755
30999 7756
31006 7757
31007 7758
31019 7759
31023 7760
31024 7761
31027 7762
31037 7763
31042 7764
31043 7765
31044 7766
31057 7767
31061 7768
31068 7769
31074 7770
31077 7771
31080 7772
31083 7773
31089 7774
31094 7775
31100 7776
31102 7777
31104 7778
31107 7779
31117 7780
31119 7781
31121 7782
31123 7783
31124 7784
31125 7785
31126 7786
31131 7787
31135 7788
31136 7789
31141 7790
31142 7791
31147 7792
31154 7793
31155 7794
31157 7795
31159 7796
31162 7797
31163 7798
31166 7799
31175 7800
31188 7801
31191 7802
31203 7803
31208 7804
31214 7805
31215 7806
31222 7807
31223 7808
31249 7809
31255 7810
31256 7811
31257 7812
31263 7813
31269 7814
31270 7815
31272 7816
31279 7817
31283 7818
31285 7819
31287 7820
31289 7821
31291 7822
31296 7823
31298 7824
31304 7825
31312 7826
31321 7827
31327 7828
31328 7829
31334 7830
31340 7831
31341 7832
31342 7833
31344 7834
31345 7835
31351 7836
31362 7837
31364 7838
31372 7839
31373 7840
31381 7841
31383 7842
31386 7843
31388 7844
31389 7845
31391 7846
31395 7847
31406 7848
31407 7849
31410 7850
31420 7851
31421 7852
31425 7853
31427 7854
31428 7855
31434 7856
31437 7857
31439 7858
31442 7859
31444 7860
31446 7861
31450 7862
31457 7863
31462 7864
31468 7865
31472 7866
31475 7867
31476 7868
31477 7869
31480 7870
31481 7871
31482 7872
31484 7873
31488 7874
31490 7875
31498 7876
31501 7877
31506 7878
31510 7879
31511 7880
31512 7881
31513 7882
31515 7883
31516 7884
31521 7885
31523 7886
31528 7887
31529 7888
31532 7889
31533 7890
31536 7891
31538 7892
31539 7893
31543 7894
31556 7895
31558 7896
31568 7897
31573 7898
31579 7899
31582 7900
31585 7901
31599 7902
31606 7903
31610 7904
31613 7905
31622 7906
31626 7907
31634 7908
31635 7909
31636 7910
31644 7911
31646 7912
31647 7913
31654 7914
31664 7915
31665 7916
